27
29
34
37
38
46
49
50
54
72
72
77
84
110
133
145
147
148
157
165
166
180
201
207
213
216
221
228
243
249
259
264
265
266
283
286
286
296
302
322
322
326
328
330
337
349
364
369
381
391
400
409
422
448
461
463
480
502
503
507
509
513
515
563
570
571
578
580
587
589
602
606
626
631
646
660
664
669
678
692
701
718
720
739
761
762
766
769
771
771
790
826
837
837
841
843
847
850
858
860
862
889
895
900
905
912
920
927
937
953
963
972
988
991
1005
1023
1065
1071
1079
1089
1092
1093
1108
1120
1146
1164
1166
1186
1187
1190
1191
1202
1207
1208
1212
1241
1245
1250
1286
1300
1306
1316
1322
1326
1333
1342
1349
1350
1361
1367
1378
1399
1403
1410
1415
1419
1425
1434
1447
1460
1472
1492
1502
1503
1519
1520
1522
1555
1559
1566
1575
1580
1582
1592
1615
1622
1626
1649
1652
1701
1702
1705
1707
1709
1709
1710
1728
1733
1735
1735
1738
1742
1771
1793
1807
1837
1848
1859
1876
1892
1897
1903
1918
1930
1938
1939
1957
1980
2002
2012
2021
2026
2030
2042
2059
2059
2059
2085
2092
2121
2125
2126
2140
2155
2158
2159
2183
2185
2191
2203
2223
2231
2240
2242
2249
2250
2278
2286
2293
2297
2302
2302
2304
2310
2316
2316
2336
2341
2345
2357
2391
2402
2417
2417
2446
2455
2458
2459
2470
2518
2529
2539
2573
2585
2607
2613
2613
2623
2638
2649
2653
2666
2688
2692
2702
2710
2721
2746
2752
2763
2772
2777
2781
2791
2794
2799
2804
2809
2836
2843
2866
2871
2878
2879
2887
2898
2898
2906
2907
2944
2963
2974
2998
3001
3006
3008
3010
3023
3041
3041
3046
3059
3061
3076
3078
3094
3094
3111
3117
3122
3128
3131
3145
3184
3193
3198
3205
3214
3228
3254
3256
3260
3277
3289
3304
3365
3370
3376
3386
3392
3408
3411
3413
3426
3445
3445
3460
3468
3472
3483
3488
3494
3495
3503
3514
3530
3539
3558
3567
3577
3578
3579
3585
3594
3604
3605
3611
3623
3625
3628
3639
3642
3645
3648
3651
3655
3660
3666
3679
3681
3710
3716
3728
3772
3786
3798
3799
3812
3827
3835
3837
3888
3888
3897
3921
3927
3931
3932
3932
3940
3944
3961
3962
3988
3990
3990
4007
4013
4032
4032
4036
4042
4051
4073
4092
4098
4104
4124
4130
4157
4159
4160
4177
4214
4219
4226
4229
4239
4271
4274
4274
4283
4298
4310
4324
4367
4369
4379
4386
4389
4397
4401
4407
4410
4421
4422
4440
4452
4481
4485
4498
4505
4514
4514
4519
4530
4535
4536
4536
4538
4542
4551
4561
4568
4572
4574
4601
4604
4605
4624
4634
4643
4648
4659
4661
4668
4676
4677
4682
4687
4720
4722
4722
4729
4747
4757
4761
4763
4782
4792
4803
4817
4831
4846
4858
4865
4869
4881
4884
4889
4916
4919
4919
4932
4944
4951
4952
4958
4958
4965
4986
5015
5019
5036
5045
5045
5063
5067
5101
5105
5110
5113
5114
5116
5118
5119
5122
5123
5135
5143
5152
5173
5175
5177
5179
5193
5193
5199
5207
5225
5226
5237
5245
5273
5337
5340
5340
5357
5376
5398
5405
5428
5442
5477
5478
5480
5484
5489
5491
5498
5513
5521
5544
5561
5566
5569
5591
5616
5618
5644
5678
5734
5772
5790
5807
5817
5841
5850
5877
5878
5886
5895
5903
5914
5940
5971
5973
5978
5979
5990
6006
6032
6048
6048
6048
6050
6066
6078
6079
6083
6092
6103
6111
6123
6134
6135
6146
6156
6179
6193
6202
6238
6244
6246
6250
6257
6271
6272
6273
6282
6292
6295
6303
6317
6318
6344
6350
6362
6365
6368
6379
6384
6389
6411
6412
6418
6419
6424
6424
6426
6450
6470
6485
6493
6496
6502
6514
6554
6554
6558
6560
6561
6576
6603
6644
6652
6655
6658
6675
6683
6686
6688
6696
6710
6713
6716
6729
6770
6772
6780
6786
6805
6809
6815
6822
6846
6857
6884
6895
6899
6917
6944
6952
6964
6984
6991
6992
7009
7026
7070
7077
7093
7110
7116
7135
7161
7166
7166
7175
7196
7205
7228
7230
7238
7256
7263
7269
7277
7283
7286
7302
7326
7333
7336
7343
7358
7359
7372
7388
7397
7403
7403
7404
7412
7420
7421
7454
7471
7478
7500
7515
7519
7521
7532
7553
7562
7578
7579
7580
7582
7587
7640
7643
7652
7668
7687
7695
7734
7746
7754
7758
7759
7765
7774
7788
7801
7817
7835
7854
7855
7857
7859
7860
7865
7867
7883
7919
7922
7946
7951
7963
7969
7970
7979
7980
7982
7983
7990
7992
8006
8017
8022
8023
8044
8058
8063
8070
8078
8088
8096
8104
8110
8128
8136
8140
8150
8183
8191
8198
8202
8208
8218
8220
8235
8240
8242
8249
8251
8273
8280
8294
8313
8313
8326
8350
8358
8369
8376
8384
8387
8425
8441
8441
8461
8468
8477
8491
8492
8497
8504
8509
8514
8525
8528
8529
8549
8551
8578
8600
8637
8658
8666
8671
8680
8686
8691
8700
8708
8713
8723
8724
8724
8727
8731
8733
8734
8741
8744
8748
8753
8763
8766
8769
8773
8775
8790
8818
8830
8835
8835
8837
8839
8854
8862
8863
8865
8869
8876
8889
8914
8915
8951
8953
8961
8985
8998
8998
8999
9014
9017
9020
9031
9034
9034
9039
9055
9070
9079
9079
9091
9093
9100
9103
9107
9107
9119
9170
9182
9187
9187
9193
9205
9217
9221
9233
9241
9241
9270
9275
9276
9281
9291
9293
9297
9298
9299
9302
9318
9329
9341
9347
9363
9371
9376
9379
9379
9396
9400
9420
9424
9431
9433
9476
9491
9498
9498
9505
9506
9511
9511
9518
9530
9536
9536
9537
9541
9552
9555
9567
9575
9586
9594
9596
9599
9616
9648
9664
9683
9709
9720
9721
9748
9749
9761
9783
9787
9787
9789
9803
9844
9868
9868
9871
9875
9884
9888
9900
9915
9920
9933
9945
9949
9949
9952
9953
9955
9961
9961
9967
9973
9974
9976
10010
10029
10044
10056
10061
10062
10068
10068
10090
10101
10104
10135
10146
10150
10177
10178
10203
10208
10210
10216
10221
10222
10222
10233
10238
10247
10258
10266
10270
10278
10281
10289
10294
10296
10312
10329
10335
10343
10354
10376
10378
10387
10394
10395
10435
10436
10441
10469
10472
10479
10484
10489
10491
10493
10504
10506
10515
10537
10557
10560
10581
10584
10587
10607
10609
10621
10639
10641
10641
10648
10663
10673
10678
10679
10692
10702
10730
10738
10754
10756
10757
10768
10770
10779
10789
10811
10824
10832
10863
10864
10874
10879
10885
10888
10901
10902
10915
10926
10931
10940
10943
10960
10966
10974
10982
10987
11001
11005
11019
11022
11032
11037
11042
11050
11056
11073
11073
11086
11086
11117
11122
11136
11143
11158
11159
11172
11177
11218
11238
11240
11259
11263
11274
11275
11290
11291
11298
11300
11301
11310
11312
11361
11364
11381
11394
11394
11467
11481
11493
11502
11505
11507
11511
11512
11516
11518
11531
11539
11543
11554
11566
11568
11569
11575
11588
11608
11630
11647
11670
11679
11697
11699
11700
11706
11743
11754
11774
11786
11794
11797
11800
11802
11812
11820
11848
11849
11854
11856
11856
11869
11873
11877
11880
11895
11895
11898
11901
11906
11917
11937
11953
11956
11957
11987
11991
12004
12008
12024
12025
12038
12040
12071
12075
12079
12092
12093
12096
12104
12110
12115
12125
12127
12128
12133
12142
12143
12143
12154
12175
12176
12184
12194
12245
12250
12256
12263
12278
12292
12295
12296
12306
12316
12318
12320
12322
12329
12344
12345
12345
12352
12358
12375
12379
12411
12413
12432
12440
12442
12461
12471
12474
12501
12506
12535
12560
12562
12595
12608
12622
12627
12631
12636
12640
12643
12666
12668
12689
12691
12701
12718
12727
12729
12751
12761
12798
12805
12824
12843
12867
12872
12872
12893
12902
12902
12917
12921
12922
12933
12953
12960
12966
12973
12983
12999
13005
13012
13020
13020
13025
13040
13050
13069
13080
13080
13093
13105
13111
13113
13120
13153
13155
13166
13186
13200
13205
13209
13212
13218
13223
13234
13246
13260
13263
13288
13298
13298
13306
13321
13332
13345
13348
13355
13372
13377
13393
13398
13404
13412
13413
13418
13424
13424
13427
13428
13429
13444
13447
13463
13464
13473
13483
13484
13492
13504
13516
13516
13516
13534
13536
13537
13551
13553
13557
13564
13567
13571
13587
13597
13601
13606
13613
13640
13641
13642
13683
13686
13697
13699
13699
13709
13711
13716
13730
13738
13745
13776
13778
13780
13785
13796
13799
13806
13817
13829
13834
13848
13853
13856
13857
13859
13876
13900
13902
13927
13945
13972
13986
14007
14024
14025
14037
14039
14075
14078
14098
14104
14132
14141
14144
14150
14165
14172
14178
14184
14209
14220
14222
14228
14235
14235
14244
14260
14300
14310
14318
14326
14327
14332
14354
14364
14378
14379
14386
14388
14401
14412
14419
14422
14422
14423
14424
14424
14446
14451
14468
14508
14509
14522
14525
14540
14563
14569
14595
14596
14602
14627
14648
14653
14679
14685
14708
14726
14734
14743
14755
14758
14761
14774
14778
14781
14786
14787
14791
14793
14826
14838
14853
14858
14872
14873
14883
14921
14932
14932
14939
14947
14968
14972
14979
15018
15052
15073
15078
15081
15106
15111
15128
15172
15179
15182
15197
15209
15222
15227
15241
15249
15259
15283
15299
15305
15306
15311
15316
15329
15335
15336
15337
15342
15344
15348
15355
15361
15377
15389
15399
15431
15443
15446
15449
15457
15493
15500
15509
15512
15550
15552
15567
15571
15582
15604
15617
15619
15623
15651
15707
15745
15746
15758
15772
15815
15829
15833
15854
15866
15867
15879
15879
15888
15891
15907
15914
15926
15932
15944
15944
15953
15954
15962
15965
15965
15983
15986
15998
16004
16005
16014
16022
16038
16049
16051
16062
16076
16081
16092
16095
16102
16105
16115
16120
16122
16123
16124
16125
16127
16145
16151
16158
16171
16172
16173
16181
16192
16222
16223
16238
16240
16241
16252
16257
16261
16266
16273
16273
16287
16296
16311
16314
16322
16338
16362
16365
16371
16374
16376
16395
16401
16405
16409
16426
16434
16435
16436
16437
16438
16453
16455
16460
16487
16496
16505
16509
16510
16536
16543
16552
16552
16563
16577
16586
16592
16601
16602
16620
16623
16628
16634
16634
16644
16650
16654
16664
16705
16712
16719
16719
16730
16731
16736
16740
16741
16741
16741
16751
16755
16764
16769
16770
16777
16785
16789
16801
16808
16812
16814
16815
16818
16821
16832
16837
16845
16850
16855
16871
16884
16890
16920
16922
16929
16949
16967
16984
16984
16989
17017
17034
17051
17065
17076
17079
17091
17114
17126
17128
17142
17142
17168
17187
17196
17198
17201
17215
17222
17222
17264
17269
17306
17324
17333
17340
17344
17359
17397
17398
17437
17443
17444
17449
17471
17476
17479
17495
17508
17513
17528
17529
17548
17567
17582
17595
17598
17602
17606
17620
17626
17632
17635
17640
17658
17700
17701
17707
17719
17734
17735
17737
17741
17744
17754
17778
17801
17808
17808
17813
17815
17827
17838
17848
17849
17863
17867
17870
17886
17898
17906
17909
17921
17927
17936
17941
17947
17948
17962
17964
17964
17967
17984
17990
17991
17992
17993
18004
18013
18019
18034
18046
18047
18064
18073
18075
18079
18080
18110
18145
18150
18189
18202
18218
18226
18247
18255
18263
18266
18287
18318
18345
18351
18356
18374
18389
18391
18419
18428
18430
18438
18443
18445
18503
18510
18534
18537
18540
18543
18554
18563
18564
18567
18568
18573
18585
18596
18607
18611
18611
18613
18638
18659
18661
18673
18675
18678
18679
18694
18695
18714
18734
18752
18767
18789
18800
18820
18837
18839
18841
18873
18880
18890
18902
18906
18911
18920
18922
18933
18937
18962
18973
18980
18986
18987
18995
19005
19005
19011
19021
19036
19041
19048
19049
19052
19071
19072
19074
19090
19100
19100
19106
19120
19127
19129
19156
19232
19238
19238
19247
19266
19305
19321
19340
19352
19354
19360
19370
19374
19409
19417
19417
19423
19430
19490
19497
19511
19517
19527
19529
19536
19536
19541
19545
19562
19563
19563
19568
19570
19575
19578
19600
19609
19660
19662
19665
19666
19667
19680
19691
19715
19720
19724
19726
19774
19828
19831
19852
19852
19859
19883
19891
19907
19931
19938
19945
19949
19954
19955
19958
19962
19965
19980
19983
20013
20018
20020
20029
20033
20041
20042
20043
20044
20051
20069
20072
20077
20093
20098
20107
20116
20135
20151
20187
20193
20220
20230
20240
20249
20269
20272
20286
20295
20298
20309
20317
20324
20330
20339
20373
20374
20382
20395
20413
20422
20425
20453
20454
20465
20468
20476
20480
20505
20516
20517
20520
20541
20543
20544
20548
20555
20569
20574
20582
20601
20603
20605
20607
20642
20645
20645
20649
20657
20668
20669
20678
20697
20712
20727
20752
20756
20758
20759
20769
20775
20778
20787
20798
20801
20810
20816
20819
20836
20836
20838
20849
20850
20857
20858
20863
20867
20879
20900
20905
20921
20923
20926
20928
20937
20948
20948
20957
20960
20961
20965
20976
20979
20980
20989
21000
21030
21050
21053
21059
21071
21076
21076
21087
21094
21152
21155
21162
21163
21169
21178
21201
21221
21229
21229
21233
21238
21238
21252
21253
21274
21280
21286
21287
21308
21318
21322
21335
21338
21339
21341
21352
21356
21358
21360
21362
21378
21379
21395
21399
21418
21424
21425
21447
21461
21475
21488
21495
21513
21523
21557
21569
21578
21591
21602
21615
21627
21628
21636
21679
21710
21710
21716
21720
21737
21745
21765
21789
21790
21795
21821
21825
21828
21831
21845
21851
21852
21870
21870
21895
21898
21914
21930
21938
21938
21945
21961
21971
21980
22004
22007
22023
22041
22044
22062
22064
22065
22068
22078
22080
22083
22095
22098
22120
22126
22129
22132
22140
22145
22162
22166
22173
22178
22181
22183
22187
22192
22199
22218
22224
22231
22245
22245
22258
22292
22296
22316
22377
22380
22399
22416
22442
22455
22489
22493
22502
22515
22518
22530
22537
22537
22550
22552
22564
22570
22578
22596
22600
22603
22605
22609
22632
22648
22653
22663
22664
22670
22675
22685
22696
22711
22723
22725
22727
22755
22764
22768
22774
22782
22792
22794
22796
22806
22809
22821
22824
22826
22827
22853
22854
22892
22895
22899
22901
22910
22912
22922
22927
22928
22944
22945
22950
22961
22979
22997
23003
23005
23006
23032
23044
23049
23053
23064
23069
23071
23075
23097
23100
23108
23122
23132
23149
23152
23163
23168
23171
23183
23192
23225
23255
23262
23268
23297
23299
23308
23331
23363
23363
23382
23403
23405
23415
23425
23433
23436
23468
23475
23484
23493
23511
23532
23552
23554
23567
23568
23571
23577
23579
23582
23585
23604
23604
23604
23610
23618
23619
23660
23667
23670
23672
23673
23676
23684
23693
23700
23703
23709
23713
23725
23746
23752
23782
23784
23798
23801
23830
23886
23894
23898
23905
23908
23915
23916
23930
23935
23947
23963
23978
23982
23982
23983
23991
24019
24057
24059
24087
24101
24112
24114
24114
24132
24141
24163
24189
24201
24211
24213
24226
24233
24235
24253
24265
24284
24298
24302
24312
24316
24331
24338
24353
24369
24369
24375
24377
24398
24402
24409
24411
24418
24419
24421
24423
24426
24433
24437
24448
24448
24452
24496
24502
24502
24510
24513
24520
24525
24527
24540
24585
24608
24614
24617
24632
24657
24659
24682
24698
24712
24712
24720
24743
24752
24757
24765
24774
24801
24811
24816
24830
24832
24852
24852
24874
24893
24904
24922
24924
24929
24961
24962
24976
24984
25006
25006
25032
25039
25049
25049
25053
25088
25095
25110
25129
25137
25149
25149
25163
25171
25172
25184
25185
25188
25211
25215
25223
25244
25247
25263
25277
25280
25281
25285
25297
25299
25316
25330
25334
25343
25348
25356
25371
25374
25380
25390
25393
25402
25403
25404
25412
25438
25456
25461
25463
25477
25478
25479
25479
25485
25493
25494
25527
25531
25540
25540
25542
25552
25560
25563
25567
25573
25582
25599
25602
25608
25617
25666
25676
25684
25692
25715
25735
25736
25737
25739
25741
25742
25760
25760
25774
25775
25778
25778
25780
25784
25800
25804
25811
25812
25829
25843
25844
25853
25862
25875
25888
25890
25896
25901
25903
25925
25929
25932
25939
25948
25949
25952
25959
25980
26003
26018
26018
26040
26064
26068
26086
26093
26101
26106
26106
26111
26117
26133
26135
26147
26168
26184
26193
26203
26204
26232
26238
26238
26263
26267
26284
26295
26306
26306
26309
26317
26319
26324
26339
26339
26339
26340
26342
26344
26359
26375
26423
26428
26442
26518
26527
26531
26542
26558
26565
26570
26575
26598
26601
26604
26617
26634
26657
26661
26676
26677
26699
26739
26748
26751
26761
26768
26775
26776
26778
26790
26832
26833
26842
26845
26859
26859
26885
26886
26889
26892
26898
26905
26906
26906
26914
26916
26916
26918
26944
26963
26964
26964
26967
26972
26984
26991
27005
27008
27018
27028
27031
27037
27039
27057
27061
27061
27067
27067
27069
27087
27099
27102
27106
27131
27134
27138
27160
27174
27176
27182
27184
27190
27210
27210
27216
27220
27231
27233
27251
27278
27301
27334
27343
27347
27363
27389
27396
27401
27402
27417
27431
27443
27453
27468
27489
27492
27519
27523
27526
27541
27546
27549
27564
27590
27592
27594
27610
27616
27620
27623
27632
27652
27665
27666
27678
27681
27716
27719
27742
27743
27748
27794
27807
27817
27820
27828
27839
27840
27849
27857
27879
27883
27890
27903
27909
27938
27951
27955
27985
27987
27989
27995
27997
28046
28061
28120
28129
28137
28142
28154
28156
28160
28204
28204
28208
28215
28218
28221
28247
28272
28277
28279
28286
28305
28307
28321
28324
28325
28344
28352
28353
28355
28356
28359
28363
28370
28371
28376
28378
28384
28407
28425
28428
28455
28466
28475
28503
28515
28525
28557
28586
28594
28597
28615
28625
28628
28641
28649
28651
28655
28663
28675
28676
28683
28687
28689
28706
28714
28719
28729
28733
28736
28783
28785
28797
28807
28815
28821
28850
28859
28860
28869
28890
28891
28921
28929
28965
28989
28992
29008
29014
29022
29025
29034
29037
29064
29068
29087
29087
29101
29117
29120
29120
29133
29135
29138
29143
29146
29162
29169
29199
29203
29209
29212
29222
29223
29228
29233
29235
29248
29255
29273
29311
29320
29322
29323
29331
29349
29383
29389
29420
29445
29446
29453
29457
29473
29485
29491
29511
29521
29531
29534
29545
29571
29599
29610
29617
29635
29640
29652
29695
29697
29703
29718
29720
29726
29735
29737
29746
29765
29768
29769
29769
29771
29776
29776
29778
29794
29810
29816
29830
29835
29847
29868
29870
29881
29885
29888
29894
29905
29908
29910
29912
29927
29929
29939
29944
29949
29952
29954
29981
29981
29983
29996
30020
30021
30023
30032
30035
30049
30058
30066
30068
30080
30085
30095
30111
30115
30151
30179
30184
30191
30192
30205
30214
30216
30217
30220
30227
30236
30243
30244
30244
30255
30275
30277
30289
30291
30304
30321
30328
30338
30352
30355
30356
30365
30365
30369
30370
30378
30392
30412
30413
30414
30414
30415
30435
30456
30473
30483
30485
30493
30504
30505
30505
30512
30514
30523
30524
30529
30529
30540
30544
30547
30557
30557
30559
30568
30570
30589
30594
30594
30616
30617
30642
30648
30660
30666
30671
30685
30701
30709
30711
30742
30748
30750
30751
30756
30759
30807
30811
30815
30822
30851
30869
30871
30897
30929
30933
30937
30937
30950
30950
30962
30967
30989
30994
31007
31011
31018
31021
31024
31039
31049
31063
31074
31079
31079
31079
31093
31117
31125
31125
31132
31133
31166
31167
31175
31187
31187
31214
31227
31228
31231
31245
31246
31261
31272
31276
31326
31327
31329
31337
31339
31344
31348
31350
31352
31357
31357
31360
31362
31364
31387
31390
31400
31402
31417
31431
31437
31438
31463
31470
31470
31486
31486
31558
31560
31575
31576
31634
31635
31655
31659
31672
31684
31694
31697
31707
31732
31734
31746
31749
31758
31758
31781
31791
31807
31824
31828
31828
31833
31836
31845
31846
31888
31897
31915
31953
31961
31964
31968
31971
31976
31979
31982
31986
31989
32016
32017
32021
32022
32036
32037
32045
32063
32063
32064
32067
32071
32105
32119
32121
32131
32137
32139
32143
32151
32163
32181
32210
32224
32226
32236
32241
32255
32257
32273
32291
32298
32299
32334
32339
32340
32383
32400
32406
32411
32416
32449
32461
32468
32469
32495
32501
32511
32541
32554
32555
32558
32596
32597
32617
32626
32633
32668
32675
32688
32715
32743
32748
32754
32762
32781
32782
32789
32792
32814
32821
32825
32843
32884
32886
32886
32901
32902
32912
32914
32916
32919
32920
32928
32932
32939
32984
32995
33016
33022
33023
33027
33030
33031
33032
33037
33037
33042
33065
33070
33079
33080
33100
33102
33107
33139
33147
33180
33197
33207
33221
33244
33247
33259
33261
33262
33266
33269
33279
33283
33291
33300
33302
33328
33335
33338
33344
33354
33356
33369
33370
33390
33399
33411
33418
33418
33421
33426
33434
33451
33453
33454
33477
33495
33516
33530
33544
33549
33552
33575
33582
33584
33628
33632
33641
33643
33647
33650
33656
33675
33686
33694
33695
33712
33720
33733
33733
33736
33751
33752
33759
33762
33774
33774
33778
33780
33780
33790
33807
33808
33819
33819
33838
33855
33865
33871
33877
33881
33885
33888
33902
33913
33913
33924
33940
33941
33955
34006
34022
34043
34044
34046
34058
34071
34090
34091
34098
34103
34114
34138
34152
34195
34233
34243
34249
34254
34257
34259
34271
34297
34303
34308
34321
34323
34323
34326
34328
34329
34358
34372
34385
34390
34397
34402
34403
34406
34414
34418
34451
34455
34458
34465
34469
34496
34510
34529
34549
34562
34571
34572
34585
34600
34602
34619
34622
34645
34649
34653
34654
34654
34655
34664
34693
34705
34731
34750
34756
34764
34768
34771
34772
34774
34775
34785
34790
34808
34845
34846
34854
34884
34891
34893
34912
34933
34956
34960
34967
34977
34998
35004
35023
35035
35035
35041
35044
35052
35054
35058
35059
35069
35094
35096
35099
35108
35111
35118
35139
35168
35176
35193
35196
35241
35243
35264
35267
35279
35294
35296
35304
35312
35337
35343
35345
35349
35376
35379
35389
35405
35419
35435
35455
35459
35486
35518
35538
35557
35584
35595
35609
35616
35634
35636
35664
35675
35676
35693
35698
35708
35723
35729
35734
35741
35747
35750
35753
35756
35760
35770
35780
35783
35784
35787
35803
35807
35812
35818
35822
35829
35830
35849
35854
35855
35866
35868
35870
35879
35880
35883
35890
35903
35919
35919
35925
35928
35939
35966
35974
35983
35986
35992
36002
36012
36032
36054
36082
36095
36139
36147
36151
36174
36222
36222
36242
36243
36243
36247
36250
36264
36265
36268
36279
36283
36295
36312
36342
36345
36355
36362
36363
36364
36368
36387
36401
36407
36416
36418
36419
36429
36432
36436
36437
36447
36452
36458
36466
36480
36491
36493
36497
36508
36509
36515
36531
36535
36536
36541
36542
36543
36563
36588
36603
36612
36622
36623
36634
36638
36645
36659
36706
36707
36722
36722
36737
36751
36755
36770
36800
36802
36807
36818
36822
36847
36852
36883
36885
36893
36897
36900
36908
36914
36926
36940
36972
37004
37010
37013
37018
37032
37037
37039
37043
37051
37065
37070
37074
37082
37089
37110
37113
37127
37128
37163
37171
37172
37172
37175
37178
37191
37194
37199
37202
37216
37226
37233
37243
37252
37261
37262
37271
37275
37298
37301
37313
37315
37325
37329
37330
37330
37333
37343
37346
37356
37405
37408
37412
37434
37444
37450
37466
37473
37487
37538
37567
37570
37579
37580
37580
37587
37605
37606
37607
37614
37619
37625
37635
37673
37675
37679
37709
37710
37717
37730
37748
37757
37763
37771
37779
37783
37786
37799
37800
37804
37808
37814
37815
37821
37834
37861
37865
37877
37886
37901
37912
37915
37940
37959
37964
37965
37968
37970
37975
38017
38027
38043
38045
38046
38070
38077
38079
38120
38122
38138
38138
38139
38144
38171
38186
38201
38223
38268
38282
38287
38292
38296
38298
38306
38309
38313
38324
38326
38354
38358
38395
38399
38411
38413
38415
38423
38424
38430
38443
38446
38464
38477
38490
38496
38511
38514
38534
38544
38544
38552
38556
38562
38564
38572
38584
38585
38599
38613
38621
38623
38627
38642
38658
38664
38667
38685
38691
38709
38711
38742
38749
38754
38758
38760
38761
38773
38787
38788
38798
38806
38823
38839
38839
38840
38843
38850
38858
38913
38917
38919
38933
38933
38944
38956
38957
38968
38970
38975
38981
38985
38995
39018
39019
39033
39040
39048
39056
39059
39059
39061
39078
39082
39084
39086
39110
39110
39128
39134
39136
39142
39153
39155
39160
39161
39166
39168
39171
39199
39220
39229
39242
39246
39249
39257
39266
39284
39291
39309
39310
39341
39344
39354
39357
39374
39411
39415
39441
39445
39455
39457
39478
39499
39502
39511
39515
39519
39522
39532
39541
39545
39556
39575
39601
39612
39631
39631
39635
39637
39655
39660
39663
39678
39685
39695
39713
39714
39719
39722
39725
39746
39748
39758
39767
39768
39773
39781
39796
39804
39807
39816
39838
39858
39866
39872
39879
39907
39910
39913
39930
39938
39950
39962
39965
39965
39965
39973
39982
40002
40002
40047
40048
40075
40092
40106
40113
40138
40146
40162
40172
40209
40213
40214
40223
40224
40231
40238
40239
40257
40282
40300
40305
40308
40317
40335
40363
40364
40365
40375
40377
40377
40378
40394
40409
40410
40412
40414
40418
40422
40433
40441
40460
40461
40482
40508
40519
40520
40532
40534
40536
40536
40536
40538
40544
40552
40556
40557
40558
40559
40559
40567
40570
40581
40582
40582
40586
40589
40598
40600
40610
40611
40614
40628
40630
40634
40638
40655
40665
40668
40676
40694
40694
40700
40709
40719
40722
40726
40727
40736
40757
40769
40769
40770
40785
40793
40812
40817
40857
40883
40888
40911
40920
40923
40931
40950
40951
40962
40994
40995
40998
41009
41021
41029
41048
41077
41094
41109
41129
41129
41133
41134
41140
41143
41150
41154
41179
41184
41194
41205
41209
41213
41218
41220
41223
41234
41240
41245
41251
41254
41290
41300
41314
41326
41333
41347
41350
41406
41408
41414
41424
41429
41434
41436
41452
41463
41487
41492
41508
41523
41524
41544
41553
41561
41565
41570
41587
41594
41601
41616
41619
41637
41640
41651
41653
41656
41663
41678
41686
41689
41709
41730
41737
41738
41764
41774
41781
41783
41804
41811
41824
41836
41848
41849
41854
41855
41856
41875
41894
41908
41919
41923
41934
41935
41952
41961
41962
41974
41987
41988
41997
42009
42021
42040
42042
42064
42068
42076
42076
42082
42099
42104
42119
42123
42124
42129
42131
42149
42161
42166
42182
42185
42203
42213
42216
42225
42228
42248
42254
42254
42255
42265
42274
42278
42301
42320
42338
42341
42358
42361
42377
42391
42391
42391
42400
42405
42406
42424
42433
42434
42440
42454
42481
42481
42487
42507
42551
42558
42571
42575
42580
42607
42608
42608
42612
42612
42620
42643
42644
42651
42677
42686
42714
42721
42723
42729
42755
42776
42787
42791
42807
42823
42832
42841
42845
42845
42848
42866
42869
42880
42882
42883
42890
42895
42911
42912
42932
42934
42942
42952
42981
42989
43026
43058
43060
43079
43081
43127
43129
43133
43156
43159
43169
43202
43223
43228
43257
43260
43263
43276
43300
43310
43314
43331
43338
43374
43401
43407
43408
43409
43420
43429
43456
43462
43462
43488
43492
43505
43516
43517
43532
43532
43536
43539
43546
43556
43569
43581
43613
43628
43646
43652
43663
43695
43695
43697
43716
43732
43771
43771
43791
43792
43807
43826
43827
43840
43841
43842
43850
43853
43870
43881
43894
43896
43917
43921
43930
43936
43938
43945
43960
43979
43983
44001
44021
44026
44029
44040
44044
44053
44057
44058
44066
44077
44087
44098
44110
44115
44116
44128
44135
44137
44142
44145
44180
44183
44193
44194
44195
44197
44207
44209
44214
44216
44221
44227
44234
44256
44263
44267
44279
44279
44281
44301
44317
44328
44332
44346
44360
44377
44388
44399
44409
44411
44422
44424
44435
44443
44454
44460
44463
44464
44466
44467
44468
44476
44481
44485
44503
44507
44517
44527
44541
44583
44584
44584
44584
44609
44613
44639
44649
44697
44699
44717
44742
44743
44751
44754
44756
44771
44792
44809
44812
44815
44825
44825
44826
44834
44843
44848
44879
44880
44886
44887
44887
44897
44910
44922
44927
44942
44942
44955
44962
44972
44974
44974
44999
45009
45016
45020
45037
45041
45046
45068
45070
45074
45103
45120
45120
45125
45128
45133
45144
45158
45164
45167
45179
45189
45207
45225
45228
45228
45229
45241
45249
45251
45251
45256
45258
45277
45277
45297
45306
45313
45326
45327
45328
45340
45374
45395
45417
45427
45430
45435
45438
45465
45491
45497
45507
45508
45509
45511
45521
45521
45523
45529
45530
45532
45533
45550
45565
45572
45577
45577
45616
45633
45634
45639
45658
45662
45672
45674
45680
45686
45710
45712
45722
45733
45751
45765
45773
45774
45785
45785
45789
45794
45798
45822
45848
45852
45865
45874
45887
45888
45903
45903
45904
45922
45933
45944
45957
45958
45959
45978
45981
45997
46011
46012
46021
46052
46055
46060
46064
46064
46094
46108
46131
46135
46139
46142
46144
46146
46147
46149
46151
46152
46166
46170
46173
46188
46204
46207
46209
46213
46223
46229
46252
46257
46260
46263
46268
46270
46305
46306
46310
46315
46321
46352
46360
46368
46377
46381
46381
46405
46414
46427
46430
46437
46439
46452
46453
46458
46466
46475
46486
46493
46494
46502
46503
46503
46520
46523
46534
46538
46540
46576
46603
46606
46607
46616
46617
46620
46625
46626
46628
46633
46649
46650
46653
46661
46663
46685
46692
46704
46708
46709
46714
46716
46728
46736
46750
46761
46768
46770
46776
46784
46818
46825
46830
46851
46864
46866
46899
46903
46911
46922
46956
46965
46979
46991
47005
47007
47011
47024
47067
47104
47105
47114
47116
47120
47125
47127
47128
47141
47146
47154
47172
47172
47187
47189
47198
47200
47237
47248
47266
47288
47291
47301
47318
47321
47322
47335
47344
47349
47369
47393
47395
47395
47396
47403
47418
47428
47441
47452
47457
47471
47472
47481
47486
47490
47500
47509
47514
47521
47526
47538
47546
47547
47548
47555
47594
47625
47635
47642
47663
47665
47685
47693
47698
47713
47715
47723
47724
47731
47732
47734
47747
47755
47757
47771
47788
47790
47792
47801
47803
47846
47851
47859
47874
47878
47912
47917
47960
47963
47978
47985
47986
47987
48052
48064
48066
48067
48092
48099
48103
48107
48116
48133
48133
48146
48147
48156
48167
48181
48199
48200
48204
48209
48210
48231
48236
48257
48271
48275
48279
48290
48300
48300
48310
48317
48337
48338
48341
48360
48382
48388
48400
48403
48422
48427
48430
48432
48433
48450
48458
48522
48564
48601
48619
48636
48641
48643
48646
48654
48664
48668
48675
48677
48679
48687
48697
48699
48701
48708
48720
48735
48740
48753
48769
48771
48783
48797
48806
48822
48827
48843
48852
48857
48869
48869
48873
48938
48940
48943
48945
48968
48980
48985
48988
49010
49012
49023
49024
49027
49027
49028
49034
49038
49080
49097
49113
49131
49149
49154
49166
49171
49173
49174
49178
49186
49186
49214
49244
49244
49251
49255
49268
49271
49292
49302
49317
49318
49318
49327
49328
49329
49331
49333
49333
49333
49353
49359
49364
49393
49397
49423
49429
49457
49464
49468
49471
49472
49497
49531
49534
49535
49541
49545
49549
49553
49559
49560
49570
49599
49609
49642
49651
49671
49678
49681
49699
49699
49716
49723
49735
49743
49746
49771
49772
49777
49792
49817
49824
49844
49877
49882
49884
49890
49902
49939
49971
49979
49994
50000
50013
50040
50043
50048
50074
50093
50107
50112
50115
50118
50149
50183
50185
50194
50200
50208
50214
50216
50225
50237
50238
50245
50258
50263
50271
50273
50286
50291
50306
50308
50310
50314
50317
50332
50342
50395
50406
50425
50432
50441
50448
50465
50470
50475
50481
50501
50522
50531
50554
50571
50573
50581
50588
50608
50616
50621
50621
50636
50649
50651
50668
50677
50678
50687
50691
50702
50709
50713
50724
50756
50758
50758
50759
50763
50768
50777
50783
50788
50806
50811
50817
50835
50863
50876
50888
50893
50903
50907
50925
50926
50930
50931
50938
50956
50959
50966
50969
51028
51058
51110
51171
51178
51197
51201
51208
51215
51230
51245
51258
51259
51261
51266
51272
51274
51291
51297
51302
51309
51314
51339
51344
51391
51393
51401
51407
51427
51427
51431
51437
51443
51445
51448
51450
51469
51486
51488
51494
51516
51517
51525
51532
51534
51536
51612
51616
51630
51647
51680
51686
51732
51734
51740
51748
51759
51762
51780
51789
51790
51819
51822
51835
51839
51852
51856
51861
51871
51880
51908
51911
51923
51930
52019
52024
52029
52030
52038
52070
52080
52101
52102
52104
52108
52115
52133
52160
52168
52175
52179
52183
52199
52200
52207
52207
52215
52239
52253
52272
52295
52305
52317
52322
52332
52354
52400
52412
52420
52450
52453
52454
52460
52471
52478
52498
52507
52510
52534
52542
52545
52555
52556
52561
52581
52581
52613
52637
52655
52660
52662
52664
52691
52693
52709
52721
52727
52728
52739
52742
52766
52780
52785
52787
52795
52803
52813
52813
52815
52817
52850
52850
52871
52880
52882
52887
52901
52903
52916
52928
52950
52950
52956
52985
53002
53031
53036
53036
53078
53089
53090
53095
53107
53155
53172
53175
53176
53192
53192
53204
53206
53213
53218
53222
53231
53233
53238
53238
53262
53279
53284
53299
53302
53321
53358
53361
53369
53387
53396
53405
53424
53431
53443
53472
53479
53497
53503
53507
53515
53563
53564
53575
53592
53596
53614
53614
53620
53625
53628
53632
53642
53643
53652
53668
53674
53680
53694
53697
53700
53733
53743
53743
53747
53753
53769
53795
53797
53802
53825
53825
53830
53836
53845
53857
53869
53874
53899
53906
53918
53919
53935
53950
53953
53969
53970
53974
54010
54011
54031
54034
54039
54064
54068
54079
54082
54082
54088
54097
54108
54116
54117
54139
54151
54154
54161
54165
54180
54185
54187
54204
54222
54228
54247
54255
54288
54288
54300
54303
54306
54315
54347
54354
54356
54375
54395
54424
54425
54458
54492
54510
54524
54548
54548
54558
54560
54572
54573
54590
54603
54618
54624
54629
54632
54635
54648
54661
54679
54685
54742
54762
54763
54780
54786
54788
54788
54820
54826
54838
54841
54842
54848
54853
54881
54882
54885
54890
54901
54915
54915
54941
54966
54972
54974
54982
54985
55008
55014
55022
55042
55058
55059
55062
55083
55083
55085
55092
55115
55117
55144
55155
55163
55167
55172
55174
55184
55193
55203
55203
55207
55235
55257
55275
55285
55306
55315
55318
55342
55343
55361
55374
55376
55377
55386
55388
55392
55393
55395
55404
55405
55414
55438
55439
55465
55479
55510
55512
55514
55526
55527
55529
55539
55546
55549
55554
55560
55560
55570
55576
55585
55607
55609
55657
55663
55664
55665
55666
55688
55709
55722
55738
55739
55752
55763
55766
55771
55779
55792
55808
55810
55855
55872
55879
55892
55900
55910
55924
55947
55958
55961
55961
55977
55980
55981
55984
55984
55996
56003
56025
56026
56031
56036
56050
56056
56056
56067
56072
56081
56089
56096
56116
56123
56126
56143
56152
56160
56160
56175
56184
56186
56194
56200
56201
56206
56206
56220
56231
56249
56269
56273
56284
56288
56295
56305
56308
56308
56328
56335
56361
56365
56375
56380
56393
56397
56415
56436
56437
56437
56438
56448
56485
56490
56526
56527
56531
56545
56560
56568
56603
56613
56629
56629
56634
56634
56635
56647
56664
56687
56695
56710
56716
56728
56738
56750
56777
56778
56779
56801
56809
56827
56833
56841
56846
56859
56885
56887
56893
56895
56908
56919
56934
56937
56940
56949
56985
57006
57019
57021
57031
57033
57039
57042
57046
57054
57071
57102
57118
57124
57127
57129
57133
57141
57154
57157
57162
57164
57188
57226
57230
57236
57259
57267
57270
57277
57292
57299
57307
57316
57325
57338
57346
57350
57358
57376
57392
57396
57399
57400
57428
57429
57438
57445
57446
57453
57453
57463
57472
57479
57485
57486
57489
57507
57511
57517
57519
57527
57540
57541
57556
57569
57578
57579
57583
57585
57599
57599
57600
57623
57654
57667
57692
57698
57699
57703
57707
57710
57712
57729
57735
57744
57748
57753
57769
57790
57801
57826
57827
57831
57832
57833
57874
57879
57882
57883
57893
57900
57918
57948
57963
57976
57981
58022
58024
58034
58037
58042
58048
58049
58053
58065
58079
58087
58100
58101
58106
58109
58117
58130
58140
58140
58148
58168
58170
58176
58190
58206
58210
58211
58215
58218
58222
58227
58228
58249
58286
58292
58300
58305
58311
58313
58313
58317
58327
58359
58361
58368
58374
58376
58390
58406
58421
58435
58443
58458
58459
58477
58483
58506
58514
58543
58552
58565
58569
58578
58581
58601
58610
58613
58614
58616
58626
58628
58631
58633
58648
58664
58679
58685
58690
58696
58699
58705
58733
58736
58738
58744
58763
58785
58790
58800
58808
58828
58833
58835
58844
58845
58845
58851
58860
58864
58877
58883
58889
58894
58895
58895
58906
58944
58945
58961
58973
58980
58982
59002
59007
59030
59040
59044
59054
59067
59078
59126
59150
59162
59180
59181
59186
59201
59205
59206
59210
59215
59217
59244
59246
59276
59276
59288
59303
59303
59310
59313
59336
59358
59362
59365
59368
59390
59390
59397
59401
59401
59425
59456
59470
59485
59504
59505
59512
59515
59533
59539
59548
59548
59550
59555
59590
59598
59604
59604
59608
59609
59622
59661
59664
59673
59675
59726
59728
59731
59736
59765
59775
59787
59792
59793
59793
59811
59819
59825
59830
59837
59841
59845
59848
59849
59852
59876
59882
59884
59891
59921
59922
59922
59926
59930
59941
59949
59951
59964
59965
59993
59994
59995
60004
60030
60040
60052
60085
60089
60093
60102
60107
60110
60130
60162
60163
60184
60185
60188
60195
60201
60205
60217
60220
60229
60232
60237
60241
60242
60243
60257
60276
60301
60331
60344
60346
60358
60359
60375
60378
60389
60396
60399
60409
60409
60423
60450
60468
60472
60480
60486
60491
60510
60511
60525
60532
60539
60548
60551
60556
60563
60573
60587
60594
60596
60601
60605
60610
60612
60641
60644
60664
60666
60682
60695
60702
60711
60714
60752
60761
60765
60786
60810
60832
60844
60847
60853
60859
60873
60874
60879
60880
60900
60921
60931
60946
60951
60953
60970
60973
60977
60984
60986
60996
61003
61011
61031
61059
61062
61079
61083
61094
61096
61110
61119
61124
61132
61136
61158
61167
61170
61182
61185
61189
61193
61200
61202
61206
61210
61213
61218
61225
61226
61243
61264
61289
61291
61301
61305
61313
61322
61333
61335
61348
61377
61424
61429
61441
61469
61497
61510
61522
61530
61533
61535
61537
61542
61563
61563
61580
61583
61594
61597
61598
61607
61618
61635
61638
61657
61662
61673
61676
61719
61731
61733
61777
61781
61788
61794
61799
61811
61812
61830
61837
61837
61864
61866
61879
61883
61900
61905
61905
61924
61951
61975
61981
62010
62032
62041
62041
62071
62074
62098
62098
62119
62122
62129
62141
62141
62170
62173
62193
62210
62214
62229
62242
62243
62272
62317
62318
62320
62332
62338
62344
62350
62402
62404
62408
62415
62434
62436
62444
62447
62483
62517
62536
62540
62564
62565
62570
62580
62587
62591
62595
62601
62612
62627
62654
62663
62666
62679
62702
62707
62735
62741
62741
62743
62749
62764
62769
62796
62797
62797
62810
62819
62830
62843
62843
62859
62884
62910
62913
62933
62937
62960
62990
62997
63007
63018
63019
63020
63030
63038
63045
63045
63047
63051
63052
63061
63072
63110
63111
63119
63131
63136
63157
63163
63177
63188
63219
63245
63247
63280
63280
63285
63293
63320
63328
63343
63354
63394
63398
63412
63414
63425
63428
63440
63466
63480
63481
63482
63487
63487
63493
63507
63507
63510
63511
63524
63536
63555
63555
63563
63568
63589
63595
63601
63605
63608
63612
63620
63642
63661
63663
63669
63680
63722
63729
63731
63738
63749
63759
63762
63762
63764
63786
63790
63792
63807
63811
63838
63857
63859
63880
63882
63897
63904
63905
63909
63916
63955
63960
63982
64002
64004
64019
64020
64025
64042
64048
64052
64059
64065
64067
64078
64083
64105
64106
64109
64121
64134
64135
64143
64153
64154
64157
64157
64157
64163
64163
64165
64181
64196
64205
64207
64210
64213
64213
64224
64228
64251
64260
64268
64269
64270
64278
64284
64325
64341
64343
64358
64367
64368
64378
64382
64389
64405
64426
64432
64441
64442
64451
64457
64506
64545
64546
64549
64551
64554
64560
64564
64565
64578
64590
64596
64598
64603
64641
64644
64683
64696
64713
64715
64717
64717
64719
64732
64733
64736
64744
64754
64754
64765
64772
64793
64816
64817
64824
64836
64856
64860
64862
64864
64871
64876
64917
64919
64920
64920
64922
64935
64935
64942
64945
64967
64979
64983
64988
64998
65000
65023
65073
65076
65093
65099
65108
65113
65119
65124
65129
65130
65143
65148
65160
65171
65189
65195
65198
65221
65234
65235
65249
65283
65285
65309
65310
65314
65315
65324
65329
65340
65347
65374
65393
65403
65404
65417
65441
65466
65470
65471
65471
65476
65490
65504
65531
65533
65538
65557
65573
65577
65587
65610
65618
65619
65619
65632
65639
65646
65661
65670
65694
65733
65773
65783
65805
65820
65822
65827
65833
65840
65847
65851
65852
65880
65892
65898
65921
65949
65974
65977
65980
65999
66001
66003
66057
66062
66072
66076
66078
66094
66096
66108
66115
66123
66129
66132
66153
66165
66168
66182
66192
66207
66221
66241
66246
66304
66308
66309
66315
66326
66328
66350
66351
66355
66355
66372
66379
66399
66406
66417
66420
66437
66441
66446
66447
66457
66467
66488
66490
66529
66568
66572
66575
66608
66618
66623
66628
66636
66643
66643
66648
66654
66668
66687
66695
66696
66697
66708
66737
66746
66771
66772
66775
66780
66786
66789
66804
66806
66823
66824
66832
66844
66867
66877
66882
66888
66892
66911
66922
66924
66932
66940
66947
66947
66948
66961
66962
66973
66976
66996
67000
67017
67017
67020
67026
67032
67040
67044
67065
67071
67072
67085
67087
67088
67095
67115
67116
67123
67152
67154
67161
67165
67176
67203
67221
67222
67222
67229
67232
67240
67243
67244
67246
67250
67255
67289
67321
67338
67338
67338
67369
67371
67378
67384
67390
67393
67397
67404
67418
67419
67421
67450
67472
67481
67486
67487
67488
67492
67495
67497
67518
67523
67523
67525
67539
67550
67574
67577
67580
67585
67590
67596
67620
67627
67630
67632
67642
67654
67663
67666
67667
67678
67686
67694
67702
67708
67716
67717
67733
67775
67782
67811
67811
67812
67813
67818
67842
67846
67884
67886
67943
67955
67957
67962
67987
67996
67998
68025
68034
68045
68051
68052
68080
68083
68096
68099
68103
68108
68116
68122
68134
68150
68167
68179
68200
68206
68208
68212
68212
68221
68228
68238
68291
68295
68295
68297
68300
68307
68307
68318
68331
68363
68365
68365
68366
68372
68385
68391
68397
68412
68422
68431
68434
68438
68450
68466
68477
68512
68518
68526
68539
68543
68544
68545
68553
68554
68576
68617
68621
68639
68647
68651
68652
68658
68659
68687
68692
68721
68725
68731
68762
68764
68769
68777
68777
68795
68797
68797
68798
68814
68828
68833
68835
68837
68848
68872
68874
68884
68890
68892
68897
68945
68968
68984
68986
69000
69014
69023
69038
69040
69045
69056
69060
69071
69082
69091
69110
69119
69127
69129
69162
69180
69186
69217
69226
69226
69240
69266
69282
69294
69307
69312
69324
69325
69343
69343
69362
69365
69397
69398
69403
69409
69425
69438
69440
69442
69447
69449
69449
69453
69454
69465
69470
69472
69483
69493
69511
69528
69533
69549
69553
69563
69563
69584
69587
69587
69590
69591
69606
69628
69641
69650
69701
69747
69766
69775
69779
69783
69784
69798
69838
69869
69872
69884
69893
69896
69901
69908
69916
69925
69932
69934
69936
69941
69961
69964
69979
69989
69992
69998
69999
70007
70009
70013
70025
70062
70067
70071
70074
70083
70094
70103
70104
70128
70154
70167
70171
70205
70207
70217
70223
70239
70253
70255
70277
70292
70313
70332
70359
70363
70376
70376
70378
70381
70391
70401
70414
70418
70422
70429
70442
70451
70459
70483
70486
70491
70498
70508
70511
70518
70525
70525
70526
70540
70564
70570
70572
70590
70603
70605
70605
70621
70634
70648
70669
70685
70695
70705
70711
70716
70736
70739
70741
70744
70747
70753
70757
70782
70782
70805
70806
70816
70826
70835
70836
70837
70870
70874
70882
70896
70898
70918
70920
70931
70936
70971
70972
70980
71010
71035
71035
71044
71052
71054
71060
71071
71076
71079
71089
71095
71107
71129
71136
71137
71147
71149
71149
71158
71161
71180
71198
71202
71202
71213
71243
71253
71258
71260
71269
71272
71297
71300
71300
71303
71311
71331
71345
71353
71388
71392
71412
71432
71456
71464
71487
71500
71501
71519
71521
71534
71561
71590
71596
71602
71614
71619
71645
71660
71666
71670
71671
71680
71690
71690
71703
71722
71739
71757
71758
71766
71769
71772
71778
71778
71780
71780
71786
71790
71813
71818
71826
71828
71828
71829
71841
71857
71881
71896
71900
71930
71957
71963
71965
71969
71975
71980
71986
72001
72054
72058
72059
72065
72078
72088
72112
72127
72141
72172
72198
72220
72261
72274
72275
72288
72299
72301
72309
72311
72313
72314
72321
72321
72323
72324
72326
72337
72339
72351
72374
72395
72398
72403
72428
72431
72471
72472
72480
72484
72488
72490
72501
72503
72510
72515
72523
72532
72532
72532
72557
72566
72569
72578
72596
72604
72621
72628
72644
72648
72649
72651
72653
72676
72683
72684
72701
72705
72709
72716
72725
72727
72743
72753
72755
72792
72792
72806
72808
72825
72842
72842
72843
72844
72867
72886
72888
72892
72911
72914
72919
72922
72941
72944
72958
72963
72971
72987
72990
72998
73016
73022
73028
73038
73038
73059
73065
73079
73080
73084
73105
73111
73118
73132
73147
73153
73156
73163
73165
73168
73169
73170
73173
73191
73215
73225
73263
73265
73272
73292
73294
73298
73299
73300
73306
73325
73331
73332
73338
73344
73344
73347
73362
73368
73373
73384
73393
73404
73427
73440
73468
73484
73487
73491
73492
73492
73492
73507
73513
73517
73517
73521
73539
73553
73557
73576
73579
73591
73595
73598
73601
73603
73617
73621
73627
73627
73658
73663
73680
73700
73700
73711
73713
73729
73742
73761
73773
73774
73776
73787
73787
73793
73806
73813
73819
73844
73851
73854
73856
73863
73865
73887
73891
73893
73900
73901
73901
73920
73921
73923
73937
73947
73951
73955
73973
73976
74006
74013
74015
74020
74061
74071
74075
74078
74082
74083
74091
74095
74103
74108
74111
74113
74119
74125
74126
74146
74162
74168
74192
74196
74206
74212
74215
74223
74251
74253
74263
74274
74287
74295
74305
74305
74305
74310
74317
74332
74334
74338
74355
74357
74366
74368
74375
74387
74410
74411
74415
74433
74437
74438
74441
74464
74482
74483
74499
74503
74519
74519
74545
74550
74557
74559
74567
74583
74593
74611
74618
74621
74631
74639
74659
74669
74696
74714
74722
74730
74732
74733
74737
74761
74780
74794
74816
74817
74842
74856
74857
74857
74886
74890
74900
74904
74908
74922
74924
74962
74970
74973
74973
74976
74985
74991
74991
75003
75016
75048
75093
75098
75111
75115
75124
75125
75154
75162
75165
75183
75185
75189
75190
75199
75201
75205
75214
75227
75227
75237
75241
75259
75262
75263
75266
75281
75285
75297
75305
75312
75314
75319
75328
75338
75342
75345
75364
75364
75373
75384
75397
75412
75427
75438
75439
75446
75449
75453
75469
75473
75476
75489
75493
75498
75514
75514
75530
75532
75569
75601
75606
75606
75608
75609
75616
75634
75635
75674
75677
75694
75705
75718
75720
75733
75738
75741
75750
75760
75773
75783
75814
75821
75828
75830
75856
75867
75881
75883
75900
75935
75940
75946
75962
75966
75980
75985
76009
76010
76014
76033
76042
76048
76060
76060
76066
76067
76082
76083
76084
76085
76096
76098
76115
76125
76135
76148
76173
76204
76212
76222
76238
76242
76248
76258
76265
76283
76291
76295
76331
76380
76429
76433
76443
76444
76449
76463
76465
76468
76478
76493
76500
76503
76503
76507
76521
76529
76558
76612
76615
76616
76617
76624
76626
76629
76635
76637
76644
76650
76663
76678
76690
76692
76724
76736
76741
76757
76757
76760
76816
76822
76823
76853
76854
76855
76872
76911
76916
76926
76928
76947
76953
76956
76966
76968
76983
76997
77006
77010
77016
77026
77047
77049
77056
77084
77089
77098
77118
77121
77132
77135
77141
77143
77152
77235
77238
77239
77247
77265
77273
77293
77315
77327
77328
77350
77361
77361
77374
77386
77394
77396
77455
77457
77468
77473
77478
77499
77503
77508
77511
77531
77533
77546
77564
77570
77585
77608
77621
77623
77625
77632
77635
77642
77665
77696
77705
77710
77739
77746
77755
77779
77794
77796
77801
77807
77809
77821
77827
77832
77841
77842
77870
77884
77899
77900
77909
77912
77912
77922
77935
77955
77956
77963
77971
77995
78002
78004
78005
78020
78047
78068
78081
78096
78113
78113
78115
78139
78149
78149
78155
78170
78174
78176
78189
78192
78202
78204
78206
78230
78240
78249
78253
78283
78288
78295
78300
78333
78345
78350
78361
78369
78371
78374
78391
78412
78414
78422
78445
78449
78450
78451
78462
78464
78469
78492
78497
78510
78519
78526
78537
78538
78544
78550
78577
78583
78587
78588
78592
78594
78600
78600
78618
78623
78665
78666
78667
78669
78685
78689
78698
78704
78712
78721
78724
78751
78763
78769
78797
78807
78816
78823
78829
78837
78846
78864
78865
78877
78886
78893
78900
78916
78930
78950
78965
78965
78972
78991
78992
78996
79002
79020
79021
79026
79041
79071
79081
79110
79113
79121
79129
79142
79144
79162
79165
79227
79242
79261
79263
79267
79271
79281
79290
79297
79301
79303
79305
79306
79323
79326
79327
79330
79330
79335
79357
79360
79361
79364
79397
79425
79434
79437
79443
79460
79467
79477
79481
79481
79501
79502
79531
79541
79555
79560
79570
79590
79605
79606
79628
79635
79637
79646
79666
79684
79691
79696
79696
79707
79721
79725
79732
79736
79743
79755
79781
79784
79785
79795
79798
79800
79809
79839
79853
79863
79868
79872
79878
79879
79891
79894
79912
79919
79921
79921
79922
79935
79957
79961
79962
79974
79986
79992
80002
80008
80019
80036
80040
80042
80051
80054
80062
80067
80077
80094
80095
80106
80160
80164
80174
80190
80191
80204
80209
80228
80231
80235
80246
80250
80251
80257
80260
80266
80286
80290
80309
80310
80321
80326
80329
80356
80366
80377
80392
80406
80407
80410
80421
80431
80439
80472
80474
80500
80500
80501
80519
80524
80529
80530
80536
80541
80549
80552
80554
80557
80573
80585
80586
80594
80603
80650
80672
80677
80678
80680
80682
80684
80684
80689
80690
80716
80723
80727
80727
80731
80735
80738
80739
80739
80746
80747
80771
80776
80794
80796
80796
80811
80836
80846
80852
80859
80860
80869
80901
80903
80912
80924
80932
80933
80933
80934
80935
80961
80971
80975
80981
80983
80999
81013
81021
81038
81041
81044
81055
81070
81070
81087
81089
81093
81095
81112
81119
81150
81151
81155
81181
81187
81201
81211
81216
81222
81224
81224
81231
81237
81241
81244
81265
81270
81278
81280
81308
81340
81342
81348
81352
81355
81360
81368
81370
81375
81378
81389
81407
81434
81435
81436
81437
81453
81454
81476
81481
81488
81488
81506
81517
81536
81541
81544
81548
81553
81557
81558
81591
81593
81617
81622
81625
81627
81639
81660
81662
81668
81680
81685
81697
81698
81699
81700
81700
81707
81707
81731
81748
81749
81775
81784
81812
81818
81821
81832
81834
81847
81851
81854
81855
81857
81862
81864
81878
81880
81881
81905
81913
81921
81934
81942
81946
81957
81958
81959
81968
81973
81977
81982
81999
82017
82019
82028
82028
82058
82060
82086
82090
82091
82094
82144
82159
82165
82170
82196
82212
82233
82234
82245
82265
82281
82282
82299
82300
82300
82307
82310
82336
82336
82337
82343
82351
82379
82382
82384
82393
82399
82401
82420
82423
82439
82451
82461
82463
82473
82484
82498
82511
82525
82541
82546
82550
82580
82580
82625
82654
82673
82673
82677
82685
82710
82711
82712
82730
82746
82799
82813
82815
82818
82819
82828
82895
82896
82920
82953
82959
82976
82983
82983
83014
83019
83021
83032
83033
83046
83068
83068
83069
83071
83083
83094
83105
83147
83153
83170
83170
83176
83184
83184
83202
83204
83218
83218
83238
83241
83242
83243
83244
83253
83283
83286
83296
83299
83309
83332
83333
83335
83347
83357
83375
83376
83380
83385
83390
83391
83404
83404
83405
83406
83417
83432
83436
83436
83449
83450
83453
83464
83464
83465
83474
83477
83499
83511
83530
83539
83564
83581
83590
83609
83614
83617
83628
83629
83644
83654
83658
83663
83664
83691
83695
83703
83715
83726
83739
83747
83749
83752
83753
83755
83763
83764
83797
83800
83820
83829
83837
83863
83863
83879
83902
83903
83909
83917
83929
83957
83957
83964
83971
83984
84001
84002
84013
84027
84048
84051
84053
84077
84084
84103
84113
84122
84140
84142
84146
84148
84151
84174
84187
84192
84205
84218
84225
84228
84228
84250
84272
84274
84284
84288
84288
84296
84298
84305
84316
84321
84321
84331
84334
84350
84353
84363
84370
84372
84376
84389
84395
84401
84407
84411
84432
84434
84434
84467
84479
84488
84496
84497
84504
84526
84550
84557
84566
84567
84593
84595
84605
84606
84611
84614
84651
84652
84669
84675
84679
84682
84698
84705
84721
84726
84738
84739
84743
84746
84750
84772
84793
84797
84827
84838
84855
84855
84858
84863
84875
84892
84894
84931
84940
84940
84945
84945
84962
84979
84993
85000
85004
85009
85012
85033
85048
85053
85055
85061
85062
85069
85074
85082
85119
85121
85126
85147
85158
85168
85171
85177
85198
85201
85218
85222
85245
85256
85257
85260
85283
85295
85304
85312
85331
85335
85347
85370
85376
85378
85383
85384
85401
85407
85413
85415
85448
85457
85459
85472
85473
85482
85482
85494
85510
85518
85527
85529
85539
85541
85543
85572
85586
85593
85599
85607
85620
85626
85636
85667
85708
85720
85728
85733
85736
85740
85744
85744
85744
85756
85769
85775
85781
85781
85791
85794
85794
85799
85825
85827
85828
85837
85837
85846
85878
85897
85898
85899
85905
85909
85923
85933
85935
85937
85953
85978
85984
85991
86003
86017
86023
86041
86067
86088
86102
86116
86136
86138
86151
86157
86157
86166
86166
86193
86207
86210
86213
86220
86225
86238
86239
86241
86258
86271
86271
86286
86287
86288
86294
86300
86311
86320
86321
86334
86334
86345
86346
86351
86358
86370
86372
86373
86378
86380
86382
86390
86399
86400
86414
86425
86430
86432
86434
86434
86441
86458
86476
86481
86489
86503
86505
86510
86511
86514
86541
86551
86559
86572
86588
86605
86610
86627
86642
86653
86659
86660
86677
86681
86686
86693
86696
86722
86732
86742
86750
86755
86765
86827
86831
86854
86882
86911
86913
86953
86971
86974
86999
87010
87030
87049
87055
87056
87058
87080
87103
87114
87118
87121
87124
87128
87171
87177
87185
87187
87189
87197
87204
87217
87222
87227
87227
87236
87237
87253
87265
87269
87279
87280
87283
87284
87285
87318
87346
87352
87360
87381
87381
87384
87387
87399
87401
87407
87409
87421
87424
87429
87449
87451
87454
87459
87473
87480
87481
87493
87508
87515
87515
87520
87531
87568
87570
87578
87583
87584
87606
87613
87618
87686
87689
87694
87697
87697
87708
87748
87775
87791
87806
87812
87820
87824
87828
87830
87870
87881
87886
87889
87928
87943
87945
87948
87950
87953
87958
87959
87964
87964
87970
87972
87980
87986
87987
87993
87995
87999
88000
88001
88020
88041
88083
88093
88098
88119
88134
88141
88144
88157
88171
88192
88195
88198
88211
88220
88242
88254
88258
88259
88270
88282
88285
88286
88332
88333
88342
88344
88352
88371
88372
88385
88391
88406
88420
88422
88431
88433
88434
88434
88437
88437
88443
88463
88486
88496
88501
88511
88511
88523
88528
88553
88555
88564
88566
88574
88583
88590
88621
88622
88624
88654
88662
88676
88686
88691
88693
88708
88721
88730
88733
88758
88766
88774
88774
88775
88791
88792
88795
88800
88816
88826
88836
88842
88851
88860
88874
88887
88896
88923
88926
88953
88967
88968
88968
88974
88974
88991
88991
89001
89008
89020
89058
89067
89079
89081
89102
89118
89119
89126
89137
89156
89180
89185
89185
89200
89213
89248
89251
89288
89291
89311
89318
89320
89328
89365
89376
89376
89382
89398
89406
89414
89425
89432
89448
89449
89453
89478
89485
89487
89499
89511
89520
89523
89527
89596
89600
89603
89606
89609
89615
89639
89659
89661
89676
89682
89698
89698
89700
89700
89704
89738
89746
89760
89761
89768
89776
89780
89789
89791
89805
89807
89809
89820
89827
89861
89870
89873
89892
89894
89895
89898
89899
89909
89921
89922
89927
89928
89932
89933
89953
89956
89956
89968
89971
89971
89983
89984
89988
89988
90006
90006
90009
90012
90024
90027
90030
90047
90056
90067
90067
90097
90103
90131
90135
90157
90157
90158
90163
90175
90184
90184
90190
90204
90208
90208
90241
90250
90259
90266
90267
90273
90273
90275
90288
90289
90300
90314
90346
90353
90366
90368
90373
90374
90374
90374
90380
90403
90406
90408
90414
90420
90423
90435
90441
90444
90448
90448
90450
90451
90485
90509
90515
90521
90534
90534
90537
90543
90547
90556
90574
90575
90584
90593
90606
90607
90618
90624
90625
90635
90650
90651
90658
90660
90682
90682
90695
90702
90712
90713
90724
90736
90738
90739
90746
90771
90779
90788
90798
90805
90823
90846
90847
90849
90851
90853
90858
90866
90867
90869
90873
90888
90896
90897
90908
90958
90964
90968
90980
90987
90988
91017
91037
91037
91038
91048
91051
91051
91053
91083
91093
91104
91107
91107
91130
91133
91137
91139
91147
91152
91167
91192
91209
91216
91238
91263
91265
91280
91284
91309
91311
91319
91332
91339
91343
91350
91360
91365
91371
91381
91399
91414
91443
91448
91461
91476
91485
91486
91499
91519
91556
91598
91610
91618
91631
91636
91637
91680
91706
91722
91741
91743
91743
91764
91766
91777
91778
91788
91807
91824
91828
91832
91869
91880
91881
91888
91923
91928
91938
91951
91964
91970
91974
91980
91984
91997
92002
92007
92008
92032
92052
92054
92058
92059
92073
92099
92116
92116
92122
92150
92153
92162
92192
92194
92197
92199
92203
92236
92257
92266
92281
92300
92306
92325
92335
92336
92345
92362
92369
92375
92381
92394
92396
92410
92411
92425
92430
92436
92437
92449
92450
92466
92466
92474
92485
92504
92514
92518
92518
92529
92540
92563
92574
92608
92612
92615
92615
92617
92625
92633
92644
92644
92648
92648
92656
92666
92682
92691
92696
92700
92701
92703
92740
92755
92768
92777
92784
92785
92787
92787
92799
92801
92802
92832
92841
92853
92856
92868
92890
92893
92899
92911
92912
92944
92948
92987
92995
92995
92999
93028
93072
93080
93100
93112
93112
93113
93120
93127
93132
93133
93145
93151
93157
93157
93162
93164
93180
93185
93192
93196
93203
93222
93224
93240
93246
93253
93260
93272
93280
93310
93323
93335
93348
93405
93412
93446
93448
93452
93455
93463
93489
93495
93503
93517
93533
93542
93543
93556
93561
93575
93582
93598
93607
93613
93651
93655
93664
93684
93689
93705
93710
93714
93751
93752
93790
93813
93823
93824
93850
93860
93861
93861
93865
93868
93883
93901
93907
93927
93934
93937
93953
93964
93981
93988
93991
94029
94069
94069
94077
94081
94083
94090
94104
94115
94128
94131
94135
94148
94162
94187
94192
94194
94200
94201
94254
94269
94273
94275
94280
94289
94309
94312
94330
94332
94348
94349
94351
94356
94368
94378
94396
94396
94404
94405
94416
94452
94456
94484
94486
94497
94498
94514
94531
94534
94550
94579
94582
94586
94600
94628
94634
94639
94663
94664
94666
94677
94687
94697
94701
94714
94731
94737
94738
94757
94758
94760
94780
94789
94795
94799
94819
94824
94839
94849
94850
94850
94850
94851
94860
94860
94861
94866
94878
94878
94890
94892
94898
94903
94912
94932
94942
94942
94942
94958
94966
94967
94973
94989
94990
95002
95005
95006
95008
95015
95039
95054
95066
95073
95085
95112
95112
95118
95128
95132
95152
95173
95185
95201
95232
95244
95254
95255
95257
95266
95270
95278
95284
95286
95292
95295
95303
95323
95338
95355
95364
95396
95398
95417
95436
95437
95444
95463
95471
95505
95508
95512
95518
95523
95556
95568
95570
95571
95595
95611
95613
95615
95620
95657
95667
95684
95695
95700
95701
95714
95722
95736
95739
95743
95751
95753
95756
95760
95766
95772
95782
95809
95835
95838
95848
95858
95861
95862
95892
95897
95920
95928
95943
95953
95966
95983
95988
96004
96004
96024
96049
96091
96108
96140
96153
96170
96179
96181
96186
96194
96196
96200
96204
96215
96218
96227
96229
96251
96252
96259
96288
96295
96297
96300
96305
96320
96320
96322
96334
96342
96344
96353
96355
96358
96360
96393
96416
96420
96440
96446
96459
96481
96488
96491
96514
96518
96533
96550
96564
96582
96598
96622
96651
96659
96664
96686
96692
96697
96717
96730
96732
96743
96759
96761
96820
96821
96843
96849
96854
96865
96870
96877
96902
96912
96922
96924
96927
96929
96931
96934
96942
96952
96961
96985
96992
96994
97011
97019
97025
97041
97041
97062
97066
97069
97074
97082
97091
97098
97106
97109
97112
97113
97121
97126
97139
97157
97166
97176
97180
97201
97212
97219
97233
97239
97249
97252
97254
97267
97274
97278
97283
97289
97291
97302
97307
97319
97325
97330
97340
97354
97357
97362
97362
97372
97373
97411
97417
97429
97456
97458
97459
97474
97487
97489
97492
97492
97516
97519
97521
97522
97525
97533
97545
97550
97569
97578
97582
97587
97587
97629
97633
97663
97665
97668
97681
97691
97694
97697
97719
97737
97744
97746
97750
97764
97793
97822
97832
97843
97851
97860
97871
97873
97874
97874
97909
97911
97917
97924
97926
97926
97930
97950
97953
97966
97968
97970
97986
97989
97998
97998
98005
98017
98032
98042
98055
98074
98098
98099
98134
98176
98193
98206
98221
98225
98233
98242
98243
98246
98256
98285
98288
98291
98303
98307
98330
98342
98368
98376
98383
98384
98384
98392
98399
98404
98423
98428
98453
98456
98472
98484
98487
98502
98508
98527
98531
98550
98558
98565
98569
98575
98583
98618
98625
98630
98642
98647
98659
98661
98670
98672
98674
98687
98692
98693
98700
98721
98744
98750
98762
98763
98764
98765
98770
98777
98782
98789
98821
98827
98839
98850
98875
98878
98889
98893
98923
98925
98943
98951
98953
98959
98963
98969
98994
98996
99008
99010
99018
99021
99039
99076
99086
99086
99137
99140
99155
99157
99157
99157
99158
99159
99160
99161
99171
99176
99180
99192
99208
99243
99250
99269
99285
99288
99294
99301
99307
99308
99314
99326
99326
99326
99331
99335
99343
99344
99379
99385
99421
99428
99440
99445
99455
99460
99472
99473
99494
99505
99508
99510
99511
99516
99519
99528
99538
99558
99563
99574
99575
99586
99590
99611
99612
99625
99633
99640
99641
99651
99654
99659
99663
99684
99699
99710
99711
99717
99727
99730
99741
99748
99750
99775
99793
99802
99807
99822
99825
99878
99886
99895
99899
99916
99934
99934
99942
99946
99949
99958
99958
99968
99973
99987
99991
99999
