99999
99991
99987
99973
99968
99958
99958
99949
99946
99942
99934
99934
99916
99899
99895
99886
99878
99825
99822
99807
99802
99793
99775
99750
99748
99741
99730
99727
99717
99711
99710
99699
99684
99663
99659
99654
99651
99641
99640
99633
99625
99612
99611
99590
99586
99575
99574
99563
99558
99538
99528
99519
99516
99511
99510
99508
99505
99494
99473
99472
99460
99455
99445
99440
99428
99421
99385
99379
99344
99343
99335
99331
99326
99326
99326
99314
99308
99307
99301
99294
99288
99285
99269
99250
99243
99208
99192
99180
99176
99171
99161
99160
99159
99158
99157
99157
99157
99155
99140
99137
99086
99086
99076
99039
99021
99018
99010
99008
98996
98994
98969
98963
98959
98953
98951
98943
98925
98923
98893
98889
98878
98875
98850
98839
98827
98821
98789
98782
98777
98770
98765
98764
98763
98762
98750
98744
98721
98700
98693
98692
98687
98674
98672
98670
98661
98659
98647
98642
98630
98625
98618
98583
98575
98569
98565
98558
98550
98531
98527
98508
98502
98487
98484
98472
98456
98453
98428
98423
98404
98399
98392
98384
98384
98383
98376
98368
98342
98330
98307
98303
98291
98288
98285
98256
98246
98243
98242
98233
98225
98221
98206
98193
98176
98134
98099
98098
98074
98055
98042
98032
98017
98005
97998
97998
97989
97986
97970
97968
97966
97953
97950
97930
97926
97926
97924
97917
97911
97909
97874
97874
97873
97871
97860
97851
97843
97832
97822
97793
97764
97750
97746
97744
97737
97719
97697
97694
97691
97681
97668
97665
97663
97633
97629
97587
97587
97582
97578
97569
97550
97545
97533
97525
97522
97521
97519
97516
97492
97492
97489
97487
97474
97459
97458
97456
97429
97417
97411
97373
97372
97362
97362
97357
97354
97340
97330
97325
97319
97307
97302
97291
97289
97283
97278
97274
97267
97254
97252
97249
97239
97233
97219
97212
97201
97180
97176
97166
97157
97139
97126
97121
97113
97112
97109
97106
97098
97091
97082
97074
97069
97066
97062
97041
97041
97025
97019
97011
96994
96992
96985
96961
96952
96942
96934
96931
96929
96927
96924
96922
96912
96902
96877
96870
96865
96854
96849
96843
96821
96820
96761
96759
96743
96732
96730
96717
96697
96692
96686
96664
96659
96651
96622
96598
96582
96564
96550
96533
96518
96514
96491
96488
96481
96459
96446
96440
96420
96416
96393
96360
96358
96355
96353
96344
96342
96334
96322
96320
96320
96305
96300
96297
96295
96288
96259
96252
96251
96229
96227
96218
96215
96204
96200
96196
96194
96186
96181
96179
96170
96153
96140
96108
96091
96049
96024
96004
96004
95988
95983
95966
95953
95943
95928
95920
95897
95892
95862
95861
95858
95848
95838
95835
95809
95782
95772
95766
95760
95756
95753
95751
95743
95739
95736
95722
95714
95701
95700
95695
95684
95667
95657
95620
95615
95613
95611
95595
95571
95570
95568
95556
95523
95518
95512
95508
95505
95471
95463
95444
95437
95436
95417
95398
95396
95364
95355
95338
95323
95303
95295
95292
95286
95284
95278
95270
95266
95257
95255
95254
95244
95232
95201
95185
95173
95152
95132
95128
95118
95112
95112
95085
95073
95066
95054
95039
95015
95008
95006
95005
95002
94990
94989
94973
94967
94966
94958
94942
94942
94942
94932
94912
94903
94898
94892
94890
94878
94878
94866
94861
94860
94860
94851
94850
94850
94850
94849
94839
94824
94819
94799
94795
94789
94780
94760
94758
94757
94738
94737
94731
94714
94701
94697
94687
94677
94666
94664
94663
94639
94634
94628
94600
94586
94582
94579
94550
94534
94531
94514
94498
94497
94486
94484
94456
94452
94416
94405
94404
94396
94396
94378
94368
94356
94351
94349
94348
94332
94330
94312
94309
94289
94280
94275
94273
94269
94254
94201
94200
94194
94192
94187
94162
94148
94135
94131
94128
94115
94104
94090
94083
94081
94077
94069
94069
94029
93991
93988
93981
93964
93953
93937
93934
93927
93907
93901
93883
93868
93865
93861
93861
93860
93850
93824
93823
93813
93790
93752
93751
93714
93710
93705
93689
93684
93664
93655
93651
93613
93607
93598
93582
93575
93561
93556
93543
93542
93533
93517
93503
93495
93489
93463
93455
93452
93448
93446
93412
93405
93348
93335
93323
93310
93280
93272
93260
93253
93246
93240
93224
93222
93203
93196
93192
93185
93180
93164
93162
93157
93157
93151
93145
93133
93132
93127
93120
93113
93112
93112
93100
93080
93072
93028
92999
92995
92995
92987
92948
92944
92912
92911
92899
92893
92890
92868
92856
92853
92841
92832
92802
92801
92799
92787
92787
92785
92784
92777
92768
92755
92740
92703
92701
92700
92696
92691
92682
92666
92656
92648
92648
92644
92644
92633
92625
92617
92615
92615
92612
92608
92574
92563
92540
92529
92518
92518
92514
92504
92485
92474
92466
92466
92450
92449
92437
92436
92430
92425
92411
92410
92396
92394
92381
92375
92369
92362
92345
92336
92335
92325
92306
92300
92281
92266
92257
92236
92203
92199
92197
92194
92192
92162
92153
92150
92122
92116
92116
92099
92073
92059
92058
92054
92052
92032
92008
92007
92002
91997
91984
91980
91974
91970
91964
91951
91938
91928
91923
91888
91881
91880
91869
91832
91828
91824
91807
91788
91778
91777
91766
91764
91743
91743
91741
91722
91706
91680
91637
91636
91631
91618
91610
91598
91556
91519
91499
91486
91485
91476
91461
91448
91443
91414
91399
91381
91371
91365
91360
91350
91343
91339
91332
91319
91311
91309
91284
91280
91265
91263
91238
91216
91209
91192
91167
91152
91147
91139
91137
91133
91130
91107
91107
91104
91093
91083
91053
91051
91051
91048
91038
91037
91037
91017
90988
90987
90980
90968
90964
90958
90908
90897
90896
90888
90873
90869
90867
90866
90858
90853
90851
90849
90847
90846
90823
90805
90798
90788
90779
90771
90746
90739
90738
90736
90724
90713
90712
90702
90695
90682
90682
90660
90658
90651
90650
90635
90625
90624
90618
90607
90606
90593
90584
90575
90574
90556
90547
90543
90537
90534
90534
90521
90515
90509
90485
90451
90450
90448
90448
90444
90441
90435
90423
90420
90414
90408
90406
90403
90380
90374
90374
90374
90373
90368
90366
90353
90346
90314
90300
90289
90288
90275
90273
90273
90267
90266
90259
90250
90241
90208
90208
90204
90190
90184
90184
90175
90163
90158
90157
90157
90135
90131
90103
90097
90067
90067
90056
90047
90030
90027
90024
90012
90009
90006
90006
89988
89988
89984
89983
89971
89971
89968
89956
89956
89953
89933
89932
89928
89927
89922
89921
89909
89899
89898
89895
89894
89892
89873
89870
89861
89827
89820
89809
89807
89805
89791
89789
89780
89776
89768
89761
89760
89746
89738
89704
89700
89700
89698
89698
89682
89676
89661
89659
89639
89615
89609
89606
89603
89600
89596
89527
89523
89520
89511
89499
89487
89485
89478
89453
89449
89448
89432
89425
89414
89406
89398
89382
89376
89376
89365
89328
89320
89318
89311
89291
89288
89251
89248
89213
89200
89185
89185
89180
89156
89137
89126
89119
89118
89102
89081
89079
89067
89058
89020
89008
89001
88991
88991
88974
88974
88968
88968
88967
88953
88926
88923
88896
88887
88874
88860
88851
88842
88836
88826
88816
88800
88795
88792
88791
88775
88774
88774
88766
88758
88733
88730
88721
88708
88693
88691
88686
88676
88662
88654
88624
88622
88621
88590
88583
88574
88566
88564
88555
88553
88528
88523
88511
88511
88501
88496
88486
88463
88443
88437
88437
88434
88434
88433
88431
88422
88420
88406
88391
88385
88372
88371
88352
88344
88342
88333
88332
88286
88285
88282
88270
88259
88258
88254
88242
88220
88211
88198
88195
88192
88171
88157
88144
88141
88134
88119
88098
88093
88083
88041
88020
88001
88000
87999
87995
87993
87987
87986
87980
87972
87970
87964
87964
87959
87958
87953
87950
87948
87945
87943
87928
87889
87886
87881
87870
87830
87828
87824
87820
87812
87806
87791
87775
87748
87708
87697
87697
87694
87689
87686
87618
87613
87606
87584
87583
87578
87570
87568
87531
87520
87515
87515
87508
87493
87481
87480
87473
87459
87454
87451
87449
87429
87424
87421
87409
87407
87401
87399
87387
87384
87381
87381
87360
87352
87346
87318
87285
87284
87283
87280
87279
87269
87265
87253
87237
87236
87227
87227
87222
87217
87204
87197
87189
87187
87185
87177
87171
87128
87124
87121
87118
87114
87103
87080
87058
87056
87055
87049
87030
87010
86999
86974
86971
86953
86913
86911
86882
86854
86831
86827
86765
86755
86750
86742
86732
86722
86696
86693
86686
86681
86677
86660
86659
86653
86642
86627
86610
86605
86588
86572
86559
86551
86541
86514
86511
86510
86505
86503
86489
86481
86476
86458
86441
86434
86434
86432
86430
86425
86414
86400
86399
86390
86382
86380
86378
86373
86372
86370
86358
86351
86346
86345
86334
86334
86321
86320
86311
86300
86294
86288
86287
86286
86271
86271
86258
86241
86239
86238
86225
86220
86213
86210
86207
86193
86166
86166
86157
86157
86151
86138
86136
86116
86102
86088
86067
86041
86023
86017
86003
85991
85984
85978
85953
85937
85935
85933
85923
85909
85905
85899
85898
85897
85878
85846
85837
85837
85828
85827
85825
85799
85794
85794
85791
85781
85781
85775
85769
85756
85744
85744
85744
85740
85736
85733
85728
85720
85708
85667
85636
85626
85620
85607
85599
85593
85586
85572
85543
85541
85539
85529
85527
85518
85510
85494
85482
85482
85473
85472
85459
85457
85448
85415
85413
85407
85401
85384
85383
85378
85376
85370
85347
85335
85331
85312
85304
85295
85283
85260
85257
85256
85245
85222
85218
85201
85198
85177
85171
85168
85158
85147
85126
85121
85119
85082
85074
85069
85062
85061
85055
85053
85048
85033
85012
85009
85004
85000
84993
84979
84962
84945
84945
84940
84940
84931
84894
84892
84875
84863
84858
84855
84855
84838
84827
84797
84793
84772
84750
84746
84743
84739
84738
84726
84721
84705
84698
84682
84679
84675
84669
84652
84651
84614
84611
84606
84605
84595
84593
84567
84566
84557
84550
84526
84504
84497
84496
84488
84479
84467
84434
84434
84432
84411
84407
84401
84395
84389
84376
84372
84370
84363
84353
84350
84334
84331
84321
84321
84316
84305
84298
84296
84288
84288
84284
84274
84272
84250
84228
84228
84225
84218
84205
84192
84187
84174
84151
84148
84146
84142
84140
84122
84113
84103
84084
84077
84053
84051
84048
84027
84013
84002
84001
83984
83971
83964
83957
83957
83929
83917
83909
83903
83902
83879
83863
83863
83837
83829
83820
83800
83797
83764
83763
83755
83753
83752
83749
83747
83739
83726
83715
83703
83695
83691
83664
83663
83658
83654
83644
83629
83628
83617
83614
83609
83590
83581
83564
83539
83530
83511
83499
83477
83474
83465
83464
83464
83453
83450
83449
83436
83436
83432
83417
83406
83405
83404
83404
83391
83390
83385
83380
83376
83375
83357
83347
83335
83333
83332
83309
83299
83296
83286
83283
83253
83244
83243
83242
83241
83238
83218
83218
83204
83202
83184
83184
83176
83170
83170
83153
83147
83105
83094
83083
83071
83069
83068
83068
83046
83033
83032
83021
83019
83014
82983
82983
82976
82959
82953
82920
82896
82895
82828
82819
82818
82815
82813
82799
82746
82730
82712
82711
82710
82685
82677
82673
82673
82654
82625
82580
82580
82550
82546
82541
82525
82511
82498
82484
82473
82463
82461
82451
82439
82423
82420
82401
82399
82393
82384
82382
82379
82351
82343
82337
82336
82336
82310
82307
82300
82300
82299
82282
82281
82265
82245
82234
82233
82212
82196
82170
82165
82159
82144
82094
82091
82090
82086
82060
82058
82028
82028
82019
82017
81999
81982
81977
81973
81968
81959
81958
81957
81946
81942
81934
81921
81913
81905
81881
81880
81878
81864
81862
81857
81855
81854
81851
81847
81834
81832
81821
81818
81812
81784
81775
81749
81748
81731
81707
81707
81700
81700
81699
81698
81697
81685
81680
81668
81662
81660
81639
81627
81625
81622
81617
81593
81591
81558
81557
81553
81548
81544
81541
81536
81517
81506
81488
81488
81481
81476
81454
81453
81437
81436
81435
81434
81407
81389
81378
81375
81370
81368
81360
81355
81352
81348
81342
81340
81308
81280
81278
81270
81265
81244
81241
81237
81231
81224
81224
81222
81216
81211
81201
81187
81181
81155
81151
81150
81119
81112
81095
81093
81089
81087
81070
81070
81055
81044
81041
81038
81021
81013
80999
80983
80981
80975
80971
80961
80935
80934
80933
80933
80932
80924
80912
80903
80901
80869
80860
80859
80852
80846
80836
80811
80796
80796
80794
80776
80771
80747
80746
80739
80739
80738
80735
80731
80727
80727
80723
80716
80690
80689
80684
80684
80682
80680
80678
80677
80672
80650
80603
80594
80586
80585
80573
80557
80554
80552
80549
80541
80536
80530
80529
80524
80519
80501
80500
80500
80474
80472
80439
80431
80421
80410
80407
80406
80392
80377
80366
80356
80329
80326
80321
80310
80309
80290
80286
80266
80260
80257
80251
80250
80246
80235
80231
80228
80209
80204
80191
80190
80174
80164
80160
80106
80095
80094
80077
80067
80062
80054
80051
80042
80040
80036
80019
80008
80002
79992
79986
79974
79962
79961
79957
79935
79922
79921
79921
79919
79912
79894
79891
79879
79878
79872
79868
79863
79853
79839
79809
79800
79798
79795
79785
79784
79781
79755
79743
79736
79732
79725
79721
79707
79696
79696
79691
79684
79666
79646
79637
79635
79628
79606
79605
79590
79570
79560
79555
79541
79531
79502
79501
79481
79481
79477
79467
79460
79443
79437
79434
79425
79397
79364
79361
79360
79357
79335
79330
79330
79327
79326
79323
79306
79305
79303
79301
79297
79290
79281
79271
79267
79263
79261
79242
79227
79165
79162
79144
79142
79129
79121
79113
79110
79081
79071
79041
79026
79021
79020
79002
78996
78992
78991
78972
78965
78965
78950
78930
78916
78900
78893
78886
78877
78865
78864
78846
78837
78829
78823
78816
78807
78797
78769
78763
78751
78724
78721
78712
78704
78698
78689
78685
78669
78667
78666
78665
78623
78618
78600
78600
78594
78592
78588
78587
78583
78577
78550
78544
78538
78537
78526
78519
78510
78497
78492
78469
78464
78462
78451
78450
78449
78445
78422
78414
78412
78391
78374
78371
78369
78361
78350
78345
78333
78300
78295
78288
78283
78253
78249
78240
78230
78206
78204
78202
78192
78189
78176
78174
78170
78155
78149
78149
78139
78115
78113
78113
78096
78081
78068
78047
78020
78005
78004
78002
77995
77971
77963
77956
77955
77935
77922
77912
77912
77909
77900
77899
77884
77870
77842
77841
77832
77827
77821
77809
77807
77801
77796
77794
77779
77755
77746
77739
77710
77705
77696
77665
77642
77635
77632
77625
77623
77621
77608
77585
77570
77564
77546
77533
77531
77511
77508
77503
77499
77478
77473
77468
77457
77455
77396
77394
77386
77374
77361
77361
77350
77328
77327
77315
77293
77273
77265
77247
77239
77238
77235
77152
77143
77141
77135
77132
77121
77118
77098
77089
77084
77056
77049
77047
77026
77016
77010
77006
76997
76983
76968
76966
76956
76953
76947
76928
76926
76916
76911
76872
76855
76854
76853
76823
76822
76816
76760
76757
76757
76741
76736
76724
76692
76690
76678
76663
76650
76644
76637
76635
76629
76626
76624
76617
76616
76615
76612
76558
76529
76521
76507
76503
76503
76500
76493
76478
76468
76465
76463
76449
76444
76443
76433
76429
76380
76331
76295
76291
76283
76265
76258
76248
76242
76238
76222
76212
76204
76173
76148
76135
76125
76115
76098
76096
76085
76084
76083
76082
76067
76066
76060
76060
76048
76042
76033
76014
76010
76009
75985
75980
75966
75962
75946
75940
75935
75900
75883
75881
75867
75856
75830
75828
75821
75814
75783
75773
75760
75750
75741
75738
75733
75720
75718
75705
75694
75677
75674
75635
75634
75616
75609
75608
75606
75606
75601
75569
75532
75530
75514
75514
75498
75493
75489
75476
75473
75469
75453
75449
75446
75439
75438
75427
75412
75397
75384
75373
75364
75364
75345
75342
75338
75328
75319
75314
75312
75305
75297
75285
75281
75266
75263
75262
75259
75241
75237
75227
75227
75214
75205
75201
75199
75190
75189
75185
75183
75165
75162
75154
75125
75124
75115
75111
75098
75093
75048
75016
75003
74991
74991
74985
74976
74973
74973
74970
74962
74924
74922
74908
74904
74900
74890
74886
74857
74857
74856
74842
74817
74816
74794
74780
74761
74737
74733
74732
74730
74722
74714
74696
74669
74659
74639
74631
74621
74618
74611
74593
74583
74567
74559
74557
74550
74545
74519
74519
74503
74499
74483
74482
74464
74441
74438
74437
74433
74415
74411
74410
74387
74375
74368
74366
74357
74355
74338
74334
74332
74317
74310
74305
74305
74305
74295
74287
74274
74263
74253
74251
74223
74215
74212
74206
74196
74192
74168
74162
74146
74126
74125
74119
74113
74111
74108
74103
74095
74091
74083
74082
74078
74075
74071
74061
74020
74015
74013
74006
73976
73973
73955
73951
73947
73937
73923
73921
73920
73901
73901
73900
73893
73891
73887
73865
73863
73856
73854
73851
73844
73819
73813
73806
73793
73787
73787
73776
73774
73773
73761
73742
73729
73713
73711
73700
73700
73680
73663
73658
73627
73627
73621
73617
73603
73601
73598
73595
73591
73579
73576
73557
73553
73539
73521
73517
73517
73513
73507
73492
73492
73492
73491
73487
73484
73468
73440
73427
73404
73393
73384
73373
73368
73362
73347
73344
73344
73338
73332
73331
73325
73306
73300
73299
73298
73294
73292
73272
73265
73263
73225
73215
73191
73173
73170
73169
73168
73165
73163
73156
73153
73147
73132
73118
73111
73105
73084
73080
73079
73065
73059
73038
73038
73028
73022
73016
72998
72990
72987
72971
72963
72958
72944
72941
72922
72919
72914
72911
72892
72888
72886
72867
72844
72843
72842
72842
72825
72808
72806
72792
72792
72755
72753
72743
72727
72725
72716
72709
72705
72701
72684
72683
72676
72653
72651
72649
72648
72644
72628
72621
72604
72596
72578
72569
72566
72557
72532
72532
72532
72523
72515
72510
72503
72501
72490
72488
72484
72480
72472
72471
72431
72428
72403
72398
72395
72374
72351
72339
72337
72326
72324
72323
72321
72321
72314
72313
72311
72309
72301
72299
72288
72275
72274
72261
72220
72198
72172
72141
72127
72112
72088
72078
72065
72059
72058
72054
72001
71986
71980
71975
71969
71965
71963
71957
71930
71900
71896
71881
71857
71841
71829
71828
71828
71826
71818
71813
71790
71786
71780
71780
71778
71778
71772
71769
71766
71758
71757
71739
71722
71703
71690
71690
71680
71671
71670
71666
71660
71645
71619
71614
71602
71596
71590
71561
71534
71521
71519
71501
71500
71487
71464
71456
71432
71412
71392
71388
71353
71345
71331
71311
71303
71300
71300
71297
71272
71269
71260
71258
71253
71243
71213
71202
71202
71198
71180
71161
71158
71149
71149
71147
71137
71136
71129
71107
71095
71089
71079
71076
71071
71060
71054
71052
71044
71035
71035
71010
70980
70972
70971
70936
70931
70920
70918
70898
70896
70882
70874
70870
70837
70836
70835
70826
70816
70806
70805
70782
70782
70757
70753
70747
70744
70741
70739
70736
70716
70711
70705
70695
70685
70669
70648
70634
70621
70605
70605
70603
70590
70572
70570
70564
70540
70526
70525
70525
70518
70511
70508
70498
70491
70486
70483
70459
70451
70442
70429
70422
70418
70414
70401
70391
70381
70378
70376
70376
70363
70359
70332
70313
70292
70277
70255
70253
70239
70223
70217
70207
70205
70171
70167
70154
70128
70104
70103
70094
70083
70074
70071
70067
70062
70025
70013
70009
70007
69999
69998
69992
69989
69979
69964
69961
69941
69936
69934
69932
69925
69916
69908
69901
69896
69893
69884
69872
69869
69838
69798
69784
69783
69779
69775
69766
69747
69701
69650
69641
69628
69606
69591
69590
69587
69587
69584
69563
69563
69553
69549
69533
69528
69511
69493
69483
69472
69470
69465
69454
69453
69449
69449
69447
69442
69440
69438
69425
69409
69403
69398
69397
69365
69362
69343
69343
69325
69324
69312
69307
69294
69282
69266
69240
69226
69226
69217
69186
69180
69162
69129
69127
69119
69110
69091
69082
69071
69060
69056
69045
69040
69038
69023
69014
69000
68986
68984
68968
68945
68897
68892
68890
68884
68874
68872
68848
68837
68835
68833
68828
68814
68798
68797
68797
68795
68777
68777
68769
68764
68762
68731
68725
68721
68692
68687
68659
68658
68652
68651
68647
68639
68621
68617
68576
68554
68553
68545
68544
68543
68539
68526
68518
68512
68477
68466
68450
68438
68434
68431
68422
68412
68397
68391
68385
68372
68366
68365
68365
68363
68331
68318
68307
68307
68300
68297
68295
68295
68291
68238
68228
68221
68212
68212
68208
68206
68200
68179
68167
68150
68134
68122
68116
68108
68103
68099
68096
68083
68080
68052
68051
68045
68034
68025
67998
67996
67987
67962
67957
67955
67943
67886
67884
67846
67842
67818
67813
67812
67811
67811
67782
67775
67733
67717
67716
67708
67702
67694
67686
67678
67667
67666
67663
67654
67642
67632
67630
67627
67620
67596
67590
67585
67580
67577
67574
67550
67539
67525
67523
67523
67518
67497
67495
67492
67488
67487
67486
67481
67472
67450
67421
67419
67418
67404
67397
67393
67390
67384
67378
67371
67369
67338
67338
67338
67321
67289
67255
67250
67246
67244
67243
67240
67232
67229
67222
67222
67221
67203
67176
67165
67161
67154
67152
67123
67116
67115
67095
67088
67087
67085
67072
67071
67065
67044
67040
67032
67026
67020
67017
67017
67000
66996
66976
66973
66962
66961
66948
66947
66947
66940
66932
66924
66922
66911
66892
66888
66882
66877
66867
66844
66832
66824
66823
66806
66804
66789
66786
66780
66775
66772
66771
66746
66737
66708
66697
66696
66695
66687
66668
66654
66648
66643
66643
66636
66628
66623
66618
66608
66575
66572
66568
66529
66490
66488
66467
66457
66447
66446
66441
66437
66420
66417
66406
66399
66379
66372
66355
66355
66351
66350
66328
66326
66315
66309
66308
66304
66246
66241
66221
66207
66192
66182
66168
66165
66153
66132
66129
66123
66115
66108
66096
66094
66078
66076
66072
66062
66057
66003
66001
65999
65980
65977
65974
65949
65921
65898
65892
65880
65852
65851
65847
65840
65833
65827
65822
65820
65805
65783
65773
65733
65694
65670
65661
65646
65639
65632
65619
65619
65618
65610
65587
65577
65573
65557
65538
65533
65531
65504
65490
65476
65471
65471
65470
65466
65441
65417
65404
65403
65393
65374
65347
65340
65329
65324
65315
65314
65310
65309
65285
65283
65249
65235
65234
65221
65198
65195
65189
65171
65160
65148
65143
65130
65129
65124
65119
65113
65108
65099
65093
65076
65073
65023
65000
64998
64988
64983
64979
64967
64945
64942
64935
64935
64922
64920
64920
64919
64917
64876
64871
64864
64862
64860
64856
64836
64824
64817
64816
64793
64772
64765
64754
64754
64744
64736
64733
64732
64719
64717
64717
64715
64713
64696
64683
64644
64641
64603
64598
64596
64590
64578
64565
64564
64560
64554
64551
64549
64546
64545
64506
64457
64451
64442
64441
64432
64426
64405
64389
64382
64378
64368
64367
64358
64343
64341
64325
64284
64278
64270
64269
64268
64260
64251
64228
64224
64213
64213
64210
64207
64205
64196
64181
64165
64163
64163
64157
64157
64157
64154
64153
64143
64135
64134
64121
64109
64106
64105
64083
64078
64067
64065
64059
64052
64048
64042
64025
64020
64019
64004
64002
63982
63960
63955
63916
63909
63905
63904
63897
63882
63880
63859
63857
63838
63811
63807
63792
63790
63786
63764
63762
63762
63759
63749
63738
63731
63729
63722
63680
63669
63663
63661
63642
63620
63612
63608
63605
63601
63595
63589
63568
63563
63555
63555
63536
63524
63511
63510
63507
63507
63493
63487
63487
63482
63481
63480
63466
63440
63428
63425
63414
63412
63398
63394
63354
63343
63328
63320
63293
63285
63280
63280
63247
63245
63219
63188
63177
63163
63157
63136
63131
63119
63111
63110
63072
63061
63052
63051
63047
63045
63045
63038
63030
63020
63019
63018
63007
62997
62990
62960
62937
62933
62913
62910
62884
62859
62843
62843
62830
62819
62810
62797
62797
62796
62769
62764
62749
62743
62741
62741
62735
62707
62702
62679
62666
62663
62654
62627
62612
62601
62595
62591
62587
62580
62570
62565
62564
62540
62536
62517
62483
62447
62444
62436
62434
62415
62408
62404
62402
62350
62344
62338
62332
62320
62318
62317
62272
62243
62242
62229
62214
62210
62193
62173
62170
62141
62141
62129
62122
62119
62098
62098
62074
62071
62041
62041
62032
62010
61981
61975
61951
61924
61905
61905
61900
61883
61879
61866
61864
61837
61837
61830
61812
61811
61799
61794
61788
61781
61777
61733
61731
61719
61676
61673
61662
61657
61638
61635
61618
61607
61598
61597
61594
61583
61580
61563
61563
61542
61537
61535
61533
61530
61522
61510
61497
61469
61441
61429
61424
61377
61348
61335
61333
61322
61313
61305
61301
61291
61289
61264
61243
61226
61225
61218
61213
61210
61206
61202
61200
61193
61189
61185
61182
61170
61167
61158
61136
61132
61124
61119
61110
61096
61094
61083
61079
61062
61059
61031
61011
61003
60996
60986
60984
60977
60973
60970
60953
60951
60946
60931
60921
60900
60880
60879
60874
60873
60859
60853
60847
60844
60832
60810
60786
60765
60761
60752
60714
60711
60702
60695
60682
60666
60664
60644
60641
60612
60610
60605
60601
60596
60594
60587
60573
60563
60556
60551
60548
60539
60532
60525
60511
60510
60491
60486
60480
60472
60468
60450
60423
60409
60409
60399
60396
60389
60378
60375
60359
60358
60346
60344
60331
60301
60276
60257
60243
60242
60241
60237
60232
60229
60220
60217
60205
60201
60195
60188
60185
60184
60163
60162
60130
60110
60107
60102
60093
60089
60085
60052
60040
60030
60004
59995
59994
59993
59965
59964
59951
59949
59941
59930
59926
59922
59922
59921
59891
59884
59882
59876
59852
59849
59848
59845
59841
59837
59830
59825
59819
59811
59793
59793
59792
59787
59775
59765
59736
59731
59728
59726
59675
59673
59664
59661
59622
59609
59608
59604
59604
59598
59590
59555
59550
59548
59548
59539
59533
59515
59512
59505
59504
59485
59470
59456
59425
59401
59401
59397
59390
59390
59368
59365
59362
59358
59336
59313
59310
59303
59303
59288
59276
59276
59246
59244
59217
59215
59210
59206
59205
59201
59186
59181
59180
59162
59150
59126
59078
59067
59054
59044
59040
59030
59007
59002
58982
58980
58973
58961
58945
58944
58906
58895
58895
58894
58889
58883
58877
58864
58860
58851
58845
58845
58844
58835
58833
58828
58808
58800
58790
58785
58763
58744
58738
58736
58733
58705
58699
58696
58690
58685
58679
58664
58648
58633
58631
58628
58626
58616
58614
58613
58610
58601
58581
58578
58569
58565
58552
58543
58514
58506
58483
58477
58459
58458
58443
58435
58421
58406
58390
58376
58374
58368
58361
58359
58327
58317
58313
58313
58311
58305
58300
58292
58286
58249
58228
58227
58222
58218
58215
58211
58210
58206
58190
58176
58170
58168
58148
58140
58140
58130
58117
58109
58106
58101
58100
58087
58079
58065
58053
58049
58048
58042
58037
58034
58024
58022
57981
57976
57963
57948
57918
57900
57893
57883
57882
57879
57874
57833
57832
57831
57827
57826
57801
57790
57769
57753
57748
57744
57735
57729
57712
57710
57707
57703
57699
57698
57692
57667
57654
57623
57600
57599
57599
57585
57583
57579
57578
57569
57556
57541
57540
57527
57519
57517
57511
57507
57489
57486
57485
57479
57472
57463
57453
57453
57446
57445
57438
57429
57428
57400
57399
57396
57392
57376
57358
57350
57346
57338
57325
57316
57307
57299
57292
57277
57270
57267
57259
57236
57230
57226
57188
57164
57162
57157
57154
57141
57133
57129
57127
57124
57118
57102
57071
57054
57046
57042
57039
57033
57031
57021
57019
57006
56985
56949
56940
56937
56934
56919
56908
56895
56893
56887
56885
56859
56846
56841
56833
56827
56809
56801
56779
56778
56777
56750
56738
56728
56716
56710
56695
56687
56664
56647
56635
56634
56634
56629
56629
56613
56603
56568
56560
56545
56531
56527
56526
56490
56485
56448
56438
56437
56437
56436
56415
56397
56393
56380
56375
56365
56361
56335
56328
56308
56308
56305
56295
56288
56284
56273
56269
56249
56231
56220
56206
56206
56201
56200
56194
56186
56184
56175
56160
56160
56152
56143
56126
56123
56116
56096
56089
56081
56072
56067
56056
56056
56050
56036
56031
56026
56025
56003
55996
55984
55984
55981
55980
55977
55961
55961
55958
55947
55924
55910
55900
55892
55879
55872
55855
55810
55808
55792
55779
55771
55766
55763
55752
55739
55738
55722
55709
55688
55666
55665
55664
55663
55657
55609
55607
55585
55576
55570
55560
55560
55554
55549
55546
55539
55529
55527
55526
55514
55512
55510
55479
55465
55439
55438
55414
55405
55404
55395
55393
55392
55388
55386
55377
55376
55374
55361
55343
55342
55318
55315
55306
55285
55275
55257
55235
55207
55203
55203
55193
55184
55174
55172
55167
55163
55155
55144
55117
55115
55092
55085
55083
55083
55062
55059
55058
55042
55022
55014
55008
54985
54982
54974
54972
54966
54941
54915
54915
54901
54890
54885
54882
54881
54853
54848
54842
54841
54838
54826
54820
54788
54788
54786
54780
54763
54762
54742
54685
54679
54661
54648
54635
54632
54629
54624
54618
54603
54590
54573
54572
54560
54558
54548
54548
54524
54510
54492
54458
54425
54424
54395
54375
54356
54354
54347
54315
54306
54303
54300
54288
54288
54255
54247
54228
54222
54204
54187
54185
54180
54165
54161
54154
54151
54139
54117
54116
54108
54097
54088
54082
54082
54079
54068
54064
54039
54034
54031
54011
54010
53974
53970
53969
53953
53950
53935
53919
53918
53906
53899
53874
53869
53857
53845
53836
53830
53825
53825
53802
53797
53795
53769
53753
53747
53743
53743
53733
53700
53697
53694
53680
53674
53668
53652
53643
53642
53632
53628
53625
53620
53614
53614
53596
53592
53575
53564
53563
53515
53507
53503
53497
53479
53472
53443
53431
53424
53405
53396
53387
53369
53361
53358
53321
53302
53299
53284
53279
53262
53238
53238
53233
53231
53222
53218
53213
53206
53204
53192
53192
53176
53175
53172
53155
53107
53095
53090
53089
53078
53036
53036
53031
53002
52985
52956
52950
52950
52928
52916
52903
52901
52887
52882
52880
52871
52850
52850
52817
52815
52813
52813
52803
52795
52787
52785
52780
52766
52742
52739
52728
52727
52721
52709
52693
52691
52664
52662
52660
52655
52637
52613
52581
52581
52561
52556
52555
52545
52542
52534
52510
52507
52498
52478
52471
52460
52454
52453
52450
52420
52412
52400
52354
52332
52322
52317
52305
52295
52272
52253
52239
52215
52207
52207
52200
52199
52183
52179
52175
52168
52160
52133
52115
52108
52104
52102
52101
52080
52070
52038
52030
52029
52024
52019
51930
51923
51911
51908
51880
51871
51861
51856
51852
51839
51835
51822
51819
51790
51789
51780
51762
51759
51748
51740
51734
51732
51686
51680
51647
51630
51616
51612
51536
51534
51532
51525
51517
51516
51494
51488
51486
51469
51450
51448
51445
51443
51437
51431
51427
51427
51407
51401
51393
51391
51344
51339
51314
51309
51302
51297
51291
51274
51272
51266
51261
51259
51258
51245
51230
51215
51208
51201
51197
51178
51171
51110
51058
51028
50969
50966
50959
50956
50938
50931
50930
50926
50925
50907
50903
50893
50888
50876
50863
50835
50817
50811
50806
50788
50783
50777
50768
50763
50759
50758
50758
50756
50724
50713
50709
50702
50691
50687
50678
50677
50668
50651
50649
50636
50621
50621
50616
50608
50588
50581
50573
50571
50554
50531
50522
50501
50481
50475
50470
50465
50448
50441
50432
50425
50406
50395
50342
50332
50317
50314
50310
50308
50306
50291
50286
50273
50271
50263
50258
50245
50238
50237
50225
50216
50214
50208
50200
50194
50185
50183
50149
50118
50115
50112
50107
50093
50074
50048
50043
50040
50013
50000
49994
49979
49971
49939
49902
49890
49884
49882
49877
49844
49824
49817
49792
49777
49772
49771
49746
49743
49735
49723
49716
49699
49699
49681
49678
49671
49651
49642
49609
49599
49570
49560
49559
49553
49549
49545
49541
49535
49534
49531
49497
49472
49471
49468
49464
49457
49429
49423
49397
49393
49364
49359
49353
49333
49333
49333
49331
49329
49328
49327
49318
49318
49317
49302
49292
49271
49268
49255
49251
49244
49244
49214
49186
49186
49178
49174
49173
49171
49166
49154
49149
49131
49113
49097
49080
49038
49034
49028
49027
49027
49024
49023
49012
49010
48988
48985
48980
48968
48945
48943
48940
48938
48873
48869
48869
48857
48852
48843
48827
48822
48806
48797
48783
48771
48769
48753
48740
48735
48720
48708
48701
48699
48697
48687
48679
48677
48675
48668
48664
48654
48646
48643
48641
48636
48619
48601
48564
48522
48458
48450
48433
48432
48430
48427
48422
48403
48400
48388
48382
48360
48341
48338
48337
48317
48310
48300
48300
48290
48279
48275
48271
48257
48236
48231
48210
48209
48204
48200
48199
48181
48167
48156
48147
48146
48133
48133
48116
48107
48103
48099
48092
48067
48066
48064
48052
47987
47986
47985
47978
47963
47960
47917
47912
47878
47874
47859
47851
47846
47803
47801
47792
47790
47788
47771
47757
47755
47747
47734
47732
47731
47724
47723
47715
47713
47698
47693
47685
47665
47663
47642
47635
47625
47594
47555
47548
47547
47546
47538
47526
47521
47514
47509
47500
47490
47486
47481
47472
47471
47457
47452
47441
47428
47418
47403
47396
47395
47395
47393
47369
47349
47344
47335
47322
47321
47318
47301
47291
47288
47266
47248
47237
47200
47198
47189
47187
47172
47172
47154
47146
47141
47128
47127
47125
47120
47116
47114
47105
47104
47067
47024
47011
47007
47005
46991
46979
46965
46956
46922
46911
46903
46899
46866
46864
46851
46830
46825
46818
46784
46776
46770
46768
46761
46750
46736
46728
46716
46714
46709
46708
46704
46692
46685
46663
46661
46653
46650
46649
46633
46628
46626
46625
46620
46617
46616
46607
46606
46603
46576
46540
46538
46534
46523
46520
46503
46503
46502
46494
46493
46486
46475
46466
46458
46453
46452
46439
46437
46430
46427
46414
46405
46381
46381
46377
46368
46360
46352
46321
46315
46310
46306
46305
46270
46268
46263
46260
46257
46252
46229
46223
46213
46209
46207
46204
46188
46173
46170
46166
46152
46151
46149
46147
46146
46144
46142
46139
46135
46131
46108
46094
46064
46064
46060
46055
46052
46021
46012
46011
45997
45981
45978
45959
45958
45957
45944
45933
45922
45904
45903
45903
45888
45887
45874
45865
45852
45848
45822
45798
45794
45789
45785
45785
45774
45773
45765
45751
45733
45722
45712
45710
45686
45680
45674
45672
45662
45658
45639
45634
45633
45616
45577
45577
45572
45565
45550
45533
45532
45530
45529
45523
45521
45521
45511
45509
45508
45507
45497
45491
45465
45438
45435
45430
45427
45417
45395
45374
45340
45328
45327
45326
45313
45306
45297
45277
45277
45258
45256
45251
45251
45249
45241
45229
45228
45228
45225
45207
45189
45179
45167
45164
45158
45144
45133
45128
45125
45120
45120
45103
45074
45070
45068
45046
45041
45037
45020
45016
45009
44999
44974
44974
44972
44962
44955
44942
44942
44927
44922
44910
44897
44887
44887
44886
44880
44879
44848
44843
44834
44826
44825
44825
44815
44812
44809
44792
44771
44756
44754
44751
44743
44742
44717
44699
44697
44649
44639
44613
44609
44584
44584
44584
44583
44541
44527
44517
44507
44503
44485
44481
44476
44468
44467
44466
44464
44463
44460
44454
44443
44435
44424
44422
44411
44409
44399
44388
44377
44360
44346
44332
44328
44317
44301
44281
44279
44279
44267
44263
44256
44234
44227
44221
44216
44214
44209
44207
44197
44195
44194
44193
44183
44180
44145
44142
44137
44135
44128
44116
44115
44110
44098
44087
44077
44066
44058
44057
44053
44044
44040
44029
44026
44021
44001
43983
43979
43960
43945
43938
43936
43930
43921
43917
43896
43894
43881
43870
43853
43850
43842
43841
43840
43827
43826
43807
43792
43791
43771
43771
43732
43716
43697
43695
43695
43663
43652
43646
43628
43613
43581
43569
43556
43546
43539
43536
43532
43532
43517
43516
43505
43492
43488
43462
43462
43456
43429
43420
43409
43408
43407
43401
43374
43338
43331
43314
43310
43300
43276
43263
43260
43257
43228
43223
43202
43169
43159
43156
43133
43129
43127
43081
43079
43060
43058
43026
42989
42981
42952
42942
42934
42932
42912
42911
42895
42890
42883
42882
42880
42869
42866
42848
42845
42845
42841
42832
42823
42807
42791
42787
42776
42755
42729
42723
42721
42714
42686
42677
42651
42644
42643
42620
42612
42612
42608
42608
42607
42580
42575
42571
42558
42551
42507
42487
42481
42481
42454
42440
42434
42433
42424
42406
42405
42400
42391
42391
42391
42377
42361
42358
42341
42338
42320
42301
42278
42274
42265
42255
42254
42254
42248
42228
42225
42216
42213
42203
42185
42182
42166
42161
42149
42131
42129
42124
42123
42119
42104
42099
42082
42076
42076
42068
42064
42042
42040
42021
42009
41997
41988
41987
41974
41962
41961
41952
41935
41934
41923
41919
41908
41894
41875
41856
41855
41854
41849
41848
41836
41824
41811
41804
41783
41781
41774
41764
41738
41737
41730
41709
41689
41686
41678
41663
41656
41653
41651
41640
41637
41619
41616
41601
41594
41587
41570
41565
41561
41553
41544
41524
41523
41508
41492
41487
41463
41452
41436
41434
41429
41424
41414
41408
41406
41350
41347
41333
41326
41314
41300
41290
41254
41251
41245
41240
41234
41223
41220
41218
41213
41209
41205
41194
41184
41179
41154
41150
41143
41140
41134
41133
41129
41129
41109
41094
41077
41048
41029
41021
41009
40998
40995
40994
40962
40951
40950
40931
40923
40920
40911
40888
40883
40857
40817
40812
40793
40785
40770
40769
40769
40757
40736
40727
40726
40722
40719
40709
40700
40694
40694
40676
40668
40665
40655
40638
40634
40630
40628
40614
40611
40610
40600
40598
40589
40586
40582
40582
40581
40570
40567
40559
40559
40558
40557
40556
40552
40544
40538
40536
40536
40536
40534
40532
40520
40519
40508
40482
40461
40460
40441
40433
40422
40418
40414
40412
40410
40409
40394
40378
40377
40377
40375
40365
40364
40363
40335
40317
40308
40305
40300
40282
40257
40239
40238
40231
40224
40223
40214
40213
40209
40172
40162
40146
40138
40113
40106
40092
40075
40048
40047
40002
40002
39982
39973
39965
39965
39965
39962
39950
39938
39930
39913
39910
39907
39879
39872
39866
39858
39838
39816
39807
39804
39796
39781
39773
39768
39767
39758
39748
39746
39725
39722
39719
39714
39713
39695
39685
39678
39663
39660
39655
39637
39635
39631
39631
39612
39601
39575
39556
39545
39541
39532
39522
39519
39515
39511
39502
39499
39478
39457
39455
39445
39441
39415
39411
39374
39357
39354
39344
39341
39310
39309
39291
39284
39266
39257
39249
39246
39242
39229
39220
39199
39171
39168
39166
39161
39160
39155
39153
39142
39136
39134
39128
39110
39110
39086
39084
39082
39078
39061
39059
39059
39056
39048
39040
39033
39019
39018
38995
38985
38981
38975
38970
38968
38957
38956
38944
38933
38933
38919
38917
38913
38858
38850
38843
38840
38839
38839
38823
38806
38798
38788
38787
38773
38761
38760
38758
38754
38749
38742
38711
38709
38691
38685
38667
38664
38658
38642
38627
38623
38621
38613
38599
38585
38584
38572
38564
38562
38556
38552
38544
38544
38534
38514
38511
38496
38490
38477
38464
38446
38443
38430
38424
38423
38415
38413
38411
38399
38395
38358
38354
38326
38324
38313
38309
38306
38298
38296
38292
38287
38282
38268
38223
38201
38186
38171
38144
38139
38138
38138
38122
38120
38079
38077
38070
38046
38045
38043
38027
38017
37975
37970
37968
37965
37964
37959
37940
37915
37912
37901
37886
37877
37865
37861
37834
37821
37815
37814
37808
37804
37800
37799
37786
37783
37779
37771
37763
37757
37748
37730
37717
37710
37709
37679
37675
37673
37635
37625
37619
37614
37607
37606
37605
37587
37580
37580
37579
37570
37567
37538
37487
37473
37466
37450
37444
37434
37412
37408
37405
37356
37346
37343
37333
37330
37330
37329
37325
37315
37313
37301
37298
37275
37271
37262
37261
37252
37243
37233
37226
37216
37202
37199
37194
37191
37178
37175
37172
37172
37171
37163
37128
37127
37113
37110
37089
37082
37074
37070
37065
37051
37043
37039
37037
37032
37018
37013
37010
37004
36972
36940
36926
36914
36908
36900
36897
36893
36885
36883
36852
36847
36822
36818
36807
36802
36800
36770
36755
36751
36737
36722
36722
36707
36706
36659
36645
36638
36634
36623
36622
36612
36603
36588
36563
36543
36542
36541
36536
36535
36531
36515
36509
36508
36497
36493
36491
36480
36466
36458
36452
36447
36437
36436
36432
36429
36419
36418
36416
36407
36401
36387
36368
36364
36363
36362
36355
36345
36342
36312
36295
36283
36279
36268
36265
36264
36250
36247
36243
36243
36242
36222
36222
36174
36151
36147
36139
36095
36082
36054
36032
36012
36002
35992
35986
35983
35974
35966
35939
35928
35925
35919
35919
35903
35890
35883
35880
35879
35870
35868
35866
35855
35854
35849
35830
35829
35822
35818
35812
35807
35803
35787
35784
35783
35780
35770
35760
35756
35753
35750
35747
35741
35734
35729
35723
35708
35698
35693
35676
35675
35664
35636
35634
35616
35609
35595
35584
35557
35538
35518
35486
35459
35455
35435
35419
35405
35389
35379
35376
35349
35345
35343
35337
35312
35304
35296
35294
35279
35267
35264
35243
35241
35196
35193
35176
35168
35139
35118
35111
35108
35099
35096
35094
35069
35059
35058
35054
35052
35044
35041
35035
35035
35023
35004
34998
34977
34967
34960
34956
34933
34912
34893
34891
34884
34854
34846
34845
34808
34790
34785
34775
34774
34772
34771
34768
34764
34756
34750
34731
34705
34693
34664
34655
34654
34654
34653
34649
34645
34622
34619
34602
34600
34585
34572
34571
34562
34549
34529
34510
34496
34469
34465
34458
34455
34451
34418
34414
34406
34403
34402
34397
34390
34385
34372
34358
34329
34328
34326
34323
34323
34321
34308
34303
34297
34271
34259
34257
34254
34249
34243
34233
34195
34152
34138
34114
34103
34098
34091
34090
34071
34058
34046
34044
34043
34022
34006
33955
33941
33940
33924
33913
33913
33902
33888
33885
33881
33877
33871
33865
33855
33838
33819
33819
33808
33807
33790
33780
33780
33778
33774
33774
33762
33759
33752
33751
33736
33733
33733
33720
33712
33695
33694
33686
33675
33656
33650
33647
33643
33641
33632
33628
33584
33582
33575
33552
33549
33544
33530
33516
33495
33477
33454
33453
33451
33434
33426
33421
33418
33418
33411
33399
33390
33370
33369
33356
33354
33344
33338
33335
33328
33302
33300
33291
33283
33279
33269
33266
33262
33261
33259
33247
33244
33221
33207
33197
33180
33147
33139
33107
33102
33100
33080
33079
33070
33065
33042
33037
33037
33032
33031
33030
33027
33023
33022
33016
32995
32984
32939
32932
32928
32920
32919
32916
32914
32912
32902
32901
32886
32886
32884
32843
32825
32821
32814
32792
32789
32782
32781
32762
32754
32748
32743
32715
32688
32675
32668
32633
32626
32617
32597
32596
32558
32555
32554
32541
32511
32501
32495
32469
32468
32461
32449
32416
32411
32406
32400
32383
32340
32339
32334
32299
32298
32291
32273
32257
32255
32241
32236
32226
32224
32210
32181
32163
32151
32143
32139
32137
32131
32121
32119
32105
32071
32067
32064
32063
32063
32045
32037
32036
32022
32021
32017
32016
31989
31986
31982
31979
31976
31971
31968
31964
31961
31953
31915
31897
31888
31846
31845
31836
31833
31828
31828
31824
31807
31791
31781
31758
31758
31749
31746
31734
31732
31707
31697
31694
31684
31672
31659
31655
31635
31634
31576
31575
31560
31558
31486
31486
31470
31470
31463
31438
31437
31431
31417
31402
31400
31390
31387
31364
31362
31360
31357
31357
31352
31350
31348
31344
31339
31337
31329
31327
31326
31276
31272
31261
31246
31245
31231
31228
31227
31214
31187
31187
31175
31167
31166
31133
31132
31125
31125
31117
31093
31079
31079
31079
31074
31063
31049
31039
31024
31021
31018
31011
31007
30994
30989
30967
30962
30950
30950
30937
30937
30933
30929
30897
30871
30869
30851
30822
30815
30811
30807
30759
30756
30751
30750
30748
30742
30711
30709
30701
30685
30671
30666
30660
30648
30642
30617
30616
30594
30594
30589
30570
30568
30559
30557
30557
30547
30544
30540
30529
30529
30524
30523
30514
30512
30505
30505
30504
30493
30485
30483
30473
30456
30435
30415
30414
30414
30413
30412
30392
30378
30370
30369
30365
30365
30356
30355
30352
30338
30328
30321
30304
30291
30289
30277
30275
30255
30244
30244
30243
30236
30227
30220
30217
30216
30214
30205
30192
30191
30184
30179
30151
30115
30111
30095
30085
30080
30068
30066
30058
30049
30035
30032
30023
30021
30020
29996
29983
29981
29981
29954
29952
29949
29944
29939
29929
29927
29912
29910
29908
29905
29894
29888
29885
29881
29870
29868
29847
29835
29830
29816
29810
29794
29778
29776
29776
29771
29769
29769
29768
29765
29746
29737
29735
29726
29720
29718
29703
29697
29695
29652
29640
29635
29617
29610
29599
29571
29545
29534
29531
29521
29511
29491
29485
29473
29457
29453
29446
29445
29420
29389
29383
29349
29331
29323
29322
29320
29311
29273
29255
29248
29235
29233
29228
29223
29222
29212
29209
29203
29199
29169
29162
29146
29143
29138
29135
29133
29120
29120
29117
29101
29087
29087
29068
29064
29037
29034
29025
29022
29014
29008
28992
28989
28965
28929
28921
28891
28890
28869
28860
28859
28850
28821
28815
28807
28797
28785
28783
28736
28733
28729
28719
28714
28706
28689
28687
28683
28676
28675
28663
28655
28651
28649
28641
28628
28625
28615
28597
28594
28586
28557
28525
28515
28503
28475
28466
28455
28428
28425
28407
28384
28378
28376
28371
28370
28363
28359
28356
28355
28353
28352
28344
28325
28324
28321
28307
28305
28286
28279
28277
28272
28247
28221
28218
28215
28208
28204
28204
28160
28156
28154
28142
28137
28129
28120
28061
28046
27997
27995
27989
27987
27985
27955
27951
27938
27909
27903
27890
27883
27879
27857
27849
27840
27839
27828
27820
27817
27807
27794
27748
27743
27742
27719
27716
27681
27678
27666
27665
27652
27632
27623
27620
27616
27610
27594
27592
27590
27564
27549
27546
27541
27526
27523
27519
27492
27489
27468
27453
27443
27431
27417
27402
27401
27396
27389
27363
27347
27343
27334
27301
27278
27251
27233
27231
27220
27216
27210
27210
27190
27184
27182
27176
27174
27160
27138
27134
27131
27106
27102
27099
27087
27069
27067
27067
27061
27061
27057
27039
27037
27031
27028
27018
27008
27005
26991
26984
26972
26967
26964
26964
26963
26944
26918
26916
26916
26914
26906
26906
26905
26898
26892
26889
26886
26885
26859
26859
26845
26842
26833
26832
26790
26778
26776
26775
26768
26761
26751
26748
26739
26699
26677
26676
26661
26657
26634
26617
26604
26601
26598
26575
26570
26565
26558
26542
26531
26527
26518
26442
26428
26423
26375
26359
26344
26342
26340
26339
26339
26339
26324
26319
26317
26309
26306
26306
26295
26284
26267
26263
26238
26238
26232
26204
26203
26193
26184
26168
26147
26135
26133
26117
26111
26106
26106
26101
26093
26086
26068
26064
26040
26018
26018
26003
25980
25959
25952
25949
25948
25939
25932
25929
25925
25903
25901
25896
25890
25888
25875
25862
25853
25844
25843
25829
25812
25811
25804
25800
25784
25780
25778
25778
25775
25774
25760
25760
25742
25741
25739
25737
25736
25735
25715
25692
25684
25676
25666
25617
25608
25602
25599
25582
25573
25567
25563
25560
25552
25542
25540
25540
25531
25527
25494
25493
25485
25479
25479
25478
25477
25463
25461
25456
25438
25412
25404
25403
25402
25393
25390
25380
25374
25371
25356
25348
25343
25334
25330
25316
25299
25297
25285
25281
25280
25277
25263
25247
25244
25223
25215
25211
25188
25185
25184
25172
25171
25163
25149
25149
25137
25129
25110
25095
25088
25053
25049
25049
25039
25032
25006
25006
24984
24976
24962
24961
24929
24924
24922
24904
24893
24874
24852
24852
24832
24830
24816
24811
24801
24774
24765
24757
24752
24743
24720
24712
24712
24698
24682
24659
24657
24632
24617
24614
24608
24585
24540
24527
24525
24520
24513
24510
24502
24502
24496
24452
24448
24448
24437
24433
24426
24423
24421
24419
24418
24411
24409
24402
24398
24377
24375
24369
24369
24353
24338
24331
24316
24312
24302
24298
24284
24265
24253
24235
24233
24226
24213
24211
24201
24189
24163
24141
24132
24114
24114
24112
24101
24087
24059
24057
24019
23991
23983
23982
23982
23978
23963
23947
23935
23930
23916
23915
23908
23905
23898
23894
23886
23830
23801
23798
23784
23782
23752
23746
23725
23713
23709
23703
23700
23693
23684
23676
23673
23672
23670
23667
23660
23619
23618
23610
23604
23604
23604
23585
23582
23579
23577
23571
23568
23567
23554
23552
23532
23511
23493
23484
23475
23468
23436
23433
23425
23415
23405
23403
23382
23363
23363
23331
23308
23299
23297
23268
23262
23255
23225
23192
23183
23171
23168
23163
23152
23149
23132
23122
23108
23100
23097
23075
23071
23069
23064
23053
23049
23044
23032
23006
23005
23003
22997
22979
22961
22950
22945
22944
22928
22927
22922
22912
22910
22901
22899
22895
22892
22854
22853
22827
22826
22824
22821
22809
22806
22796
22794
22792
22782
22774
22768
22764
22755
22727
22725
22723
22711
22696
22685
22675
22670
22664
22663
22653
22648
22632
22609
22605
22603
22600
22596
22578
22570
22564
22552
22550
22537
22537
22530
22518
22515
22502
22493
22489
22455
22442
22416
22399
22380
22377
22316
22296
22292
22258
22245
22245
22231
22224
22218
22199
22192
22187
22183
22181
22178
22173
22166
22162
22145
22140
22132
22129
22126
22120
22098
22095
22083
22080
22078
22068
22065
22064
22062
22044
22041
22023
22007
22004
21980
21971
21961
21945
21938
21938
21930
21914
21898
21895
21870
21870
21852
21851
21845
21831
21828
21825
21821
21795
21790
21789
21765
21745
21737
21720
21716
21710
21710
21679
21636
21628
21627
21615
21602
21591
21578
21569
21557
21523
21513
21495
21488
21475
21461
21447
21425
21424
21418
21399
21395
21379
21378
21362
21360
21358
21356
21352
21341
21339
21338
21335
21322
21318
21308
21287
21286
21280
21274
21253
21252
21238
21238
21233
21229
21229
21221
21201
21178
21169
21163
21162
21155
21152
21094
21087
21076
21076
21071
21059
21053
21050
21030
21000
20989
20980
20979
20976
20965
20961
20960
20957
20948
20948
20937
20928
20926
20923
20921
20905
20900
20879
20867
20863
20858
20857
20850
20849
20838
20836
20836
20819
20816
20810
20801
20798
20787
20778
20775
20769
20759
20758
20756
20752
20727
20712
20697
20678
20669
20668
20657
20649
20645
20645
20642
20607
20605
20603
20601
20582
20574
20569
20555
20548
20544
20543
20541
20520
20517
20516
20505
20480
20476
20468
20465
20454
20453
20425
20422
20413
20395
20382
20374
20373
20339
20330
20324
20317
20309
20298
20295
20286
20272
20269
20249
20240
20230
20220
20193
20187
20151
20135
20116
20107
20098
20093
20077
20072
20069
20051
20044
20043
20042
20041
20033
20029
20020
20018
20013
19983
19980
19965
19962
19958
19955
19954
19949
19945
19938
19931
19907
19891
19883
19859
19852
19852
19831
19828
19774
19726
19724
19720
19715
19691
19680
19667
19666
19665
19662
19660
19609
19600
19578
19575
19570
19568
19563
19563
19562
19545
19541
19536
19536
19529
19527
19517
19511
19497
19490
19430
19423
19417
19417
19409
19374
19370
19360
19354
19352
19340
19321
19305
19266
19247
19238
19238
19232
19156
19129
19127
19120
19106
19100
19100
19090
19074
19072
19071
19052
19049
19048
19041
19036
19021
19011
19005
19005
18995
18987
18986
18980
18973
18962
18937
18933
18922
18920
18911
18906
18902
18890
18880
18873
18841
18839
18837
18820
18800
18789
18767
18752
18734
18714
18695
18694
18679
18678
18675
18673
18661
18659
18638
18613
18611
18611
18607
18596
18585
18573
18568
18567
18564
18563
18554
18543
18540
18537
18534
18510
18503
18445
18443
18438
18430
18428
18419
18391
18389
18374
18356
18351
18345
18318
18287
18266
18263
18255
18247
18226
18218
18202
18189
18150
18145
18110
18080
18079
18075
18073
18064
18047
18046
18034
18019
18013
18004
17993
17992
17991
17990
17984
17967
17964
17964
17962
17948
17947
17941
17936
17927
17921
17909
17906
17898
17886
17870
17867
17863
17849
17848
17838
17827
17815
17813
17808
17808
17801
17778
17754
17744
17741
17737
17735
17734
17719
17707
17701
17700
17658
17640
17635
17632
17626
17620
17606
17602
17598
17595
17582
17567
17548
17529
17528
17513
17508
17495
17479
17476
17471
17449
17444
17443
17437
17398
17397
17359
17344
17340
17333
17324
17306
17269
17264
17222
17222
17215
17201
17198
17196
17187
17168
17142
17142
17128
17126
17114
17091
17079
17076
17065
17051
17034
17017
16989
16984
16984
16967
16949
16929
16922
16920
16890
16884
16871
16855
16850
16845
16837
16832
16821
16818
16815
16814
16812
16808
16801
16789
16785
16777
16770
16769
16764
16755
16751
16741
16741
16741
16740
16736
16731
16730
16719
16719
16712
16705
16664
16654
16650
16644
16634
16634
16628
16623
16620
16602
16601
16592
16586
16577
16563
16552
16552
16543
16536
16510
16509
16505
16496
16487
16460
16455
16453
16438
16437
16436
16435
16434
16426
16409
16405
16401
16395
16376
16374
16371
16365
16362
16338
16322
16314
16311
16296
16287
16273
16273
16266
16261
16257
16252
16241
16240
16238
16223
16222
16192
16181
16173
16172
16171
16158
16151
16145
16127
16125
16124
16123
16122
16120
16115
16105
16102
16095
16092
16081
16076
16062
16051
16049
16038
16022
16014
16005
16004
15998
15986
15983
15965
15965
15962
15954
15953
15944
15944
15932
15926
15914
15907
15891
15888
15879
15879
15867
15866
15854
15833
15829
15815
15772
15758
15746
15745
15707
15651
15623
15619
15617
15604
15582
15571
15567
15552
15550
15512
15509
15500
15493
15457
15449
15446
15443
15431
15399
15389
15377
15361
15355
15348
15344
15342
15337
15336
15335
15329
15316
15311
15306
15305
15299
15283
15259
15249
15241
15227
15222
15209
15197
15182
15179
15172
15128
15111
15106
15081
15078
15073
15052
15018
14979
14972
14968
14947
14939
14932
14932
14921
14883
14873
14872
14858
14853
14838
14826
14793
14791
14787
14786
14781
14778
14774
14761
14758
14755
14743
14734
14726
14708
14685
14679
14653
14648
14627
14602
14596
14595
14569
14563
14540
14525
14522
14509
14508
14468
14451
14446
14424
14424
14423
14422
14422
14419
14412
14401
14388
14386
14379
14378
14364
14354
14332
14327
14326
14318
14310
14300
14260
14244
14235
14235
14228
14222
14220
14209
14184
14178
14172
14165
14150
14144
14141
14132
14104
14098
14078
14075
14039
14037
14025
14024
14007
13986
13972
13945
13927
13902
13900
13876
13859
13857
13856
13853
13848
13834
13829
13817
13806
13799
13796
13785
13780
13778
13776
13745
13738
13730
13716
13711
13709
13699
13699
13697
13686
13683
13642
13641
13640
13613
13606
13601
13597
13587
13571
13567
13564
13557
13553
13551
13537
13536
13534
13516
13516
13516
13504
13492
13484
13483
13473
13464
13463
13447
13444
13429
13428
13427
13424
13424
13418
13413
13412
13404
13398
13393
13377
13372
13355
13348
13345
13332
13321
13306
13298
13298
13288
13263
13260
13246
13234
13223
13218
13212
13209
13205
13200
13186
13166
13155
13153
13120
13113
13111
13105
13093
13080
13080
13069
13050
13040
13025
13020
13020
13012
13005
12999
12983
12973
12966
12960
12953
12933
12922
12921
12917
12902
12902
12893
12872
12872
12867
12843
12824
12805
12798
12761
12751
12729
12727
12718
12701
12691
12689
12668
12666
12643
12640
12636
12631
12627
12622
12608
12595
12562
12560
12535
12506
12501
12474
12471
12461
12442
12440
12432
12413
12411
12379
12375
12358
12352
12345
12345
12344
12329
12322
12320
12318
12316
12306
12296
12295
12292
12278
12263
12256
12250
12245
12194
12184
12176
12175
12154
12143
12143
12142
12133
12128
12127
12125
12115
12110
12104
12096
12093
12092
12079
12075
12071
12040
12038
12025
12024
12008
12004
11991
11987
11957
11956
11953
11937
11917
11906
11901
11898
11895
11895
11880
11877
11873
11869
11856
11856
11854
11849
11848
11820
11812
11802
11800
11797
11794
11786
11774
11754
11743
11706
11700
11699
11697
11679
11670
11647
11630
11608
11588
11575
11569
11568
11566
11554
11543
11539
11531
11518
11516
11512
11511
11507
11505
11502
11493
11481
11467
11394
11394
11381
11364
11361
11312
11310
11301
11300
11298
11291
11290
11275
11274
11263
11259
11240
11238
11218
11177
11172
11159
11158
11143
11136
11122
11117
11086
11086
11073
11073
11056
11050
11042
11037
11032
11022
11019
11005
11001
10987
10982
10974
10966
10960
10943
10940
10931
10926
10915
10902
10901
10888
10885
10879
10874
10864
10863
10832
10824
10811
10789
10779
10770
10768
10757
10756
10754
10738
10730
10702
10692
10679
10678
10673
10663
10648
10641
10641
10639
10621
10609
10607
10587
10584
10581
10560
10557
10537
10515
10506
10504
10493
10491
10489
10484
10479
10472
10469
10441
10436
10435
10395
10394
10387
10378
10376
10354
10343
10335
10329
10312
10296
10294
10289
10281
10278
10270
10266
10258
10247
10238
10233
10222
10222
10221
10216
10210
10208
10203
10178
10177
10150
10146
10135
10104
10101
10090
10068
10068
10062
10061
10056
10044
10029
10010
9976
9974
9973
9967
9961
9961
9955
9953
9952
9949
9949
9945
9933
9920
9915
9900
9888
9884
9875
9871
9868
9868
9844
9803
9789
9787
9787
9783
9761
9749
9748
9721
9720
9709
9683
9664
9648
9616
9599
9596
9594
9586
9575
9567
9555
9552
9541
9537
9536
9536
9530
9518
9511
9511
9506
9505
9498
9498
9491
9476
9433
9431
9424
9420
9400
9396
9379
9379
9376
9371
9363
9347
9341
9329
9318
9302
9299
9298
9297
9293
9291
9281
9276
9275
9270
9241
9241
9233
9221
9217
9205
9193
9187
9187
9182
9170
9119
9107
9107
9103
9100
9093
9091
9079
9079
9070
9055
9039
9034
9034
9031
9020
9017
9014
8999
8998
8998
8985
8961
8953
8951
8915
8914
8889
8876
8869
8865
8863
8862
8854
8839
8837
8835
8835
8830
8818
8790
8775
8773
8769
8766
8763
8753
8748
8744
8741
8734
8733
8731
8727
8724
8724
8723
8713
8708
8700
8691
8686
8680
8671
8666
8658
8637
8600
8578
8551
8549
8529
8528
8525
8514
8509
8504
8497
8492
8491
8477
8468
8461
8441
8441
8425
8387
8384
8376
8369
8358
8350
8326
8313
8313
8294
8280
8273
8251
8249
8242
8240
8235
8220
8218
8208
8202
8198
8191
8183
8150
8140
8136
8128
8110
8104
8096
8088
8078
8070
8063
8058
8044
8023
8022
8017
8006
7992
7990
7983
7982
7980
7979
7970
7969
7963
7951
7946
7922
7919
7883
7867
7865
7860
7859
7857
7855
7854
7835
7817
7801
7788
7774
7765
7759
7758
7754
7746
7734
7695
7687
7668
7652
7643
7640
7587
7582
7580
7579
7578
7562
7553
7532
7521
7519
7515
7500
7478
7471
7454
7421
7420
7412
7404
7403
7403
7397
7388
7372
7359
7358
7343
7336
7333
7326
7302
7286
7283
7277
7269
7263
7256
7238
7230
7228
7205
7196
7175
7166
7166
7161
7135
7116
7110
7093
7077
7070
7026
7009
6992
6991
6984
6964
6952
6944
6917
6899
6895
6884
6857
6846
6822
6815
6809
6805
6786
6780
6772
6770
6729
6716
6713
6710
6696
6688
6686
6683
6675
6658
6655
6652
6644
6603
6576
6561
6560
6558
6554
6554
6514
6502
6496
6493
6485
6470
6450
6426
6424
6424
6419
6418
6412
6411
6389
6384
6379
6368
6365
6362
6350
6344
6318
6317
6303
6295
6292
6282
6273
6272
6271
6257
6250
6246
6244
6238
6202
6193
6179
6156
6146
6135
6134
6123
6111
6103
6092
6083
6079
6078
6066
6050
6048
6048
6048
6032
6006
5990
5979
5978
5973
5971
5940
5914
5903
5895
5886
5878
5877
5850
5841
5817
5807
5790
5772
5734
5678
5644
5618
5616
5591
5569
5566
5561
5544
5521
5513
5498
5491
5489
5484
5480
5478
5477
5442
5428
5405
5398
5376
5357
5340
5340
5337
5273
5245
5237
5226
5225
5207
5199
5193
5193
5179
5177
5175
5173
5152
5143
5135
5123
5122
5119
5118
5116
5114
5113
5110
5105
5101
5067
5063
5045
5045
5036
5019
5015
4986
4965
4958
4958
4952
4951
4944
4932
4919
4919
4916
4889
4884
4881
4869
4865
4858
4846
4831
4817
4803
4792
4782
4763
4761
4757
4747
4729
4722
4722
4720
4687
4682
4677
4676
4668
4661
4659
4648
4643
4634
4624
4605
4604
4601
4574
4572
4568
4561
4551
4542
4538
4536
4536
4535
4530
4519
4514
4514
4505
4498
4485
4481
4452
4440
4422
4421
4410
4407
4401
4397
4389
4386
4379
4369
4367
4324
4310
4298
4283
4274
4274
4271
4239
4229
4226
4219
4214
4177
4160
4159
4157
4130
4124
4104
4098
4092
4073
4051
4042
4036
4032
4032
4013
4007
3990
3990
3988
3962
3961
3944
3940
3932
3932
3931
3927
3921
3897
3888
3888
3837
3835
3827
3812
3799
3798
3786
3772
3728
3716
3710
3681
3679
3666
3660
3655
3651
3648
3645
3642
3639
3628
3625
3623
3611
3605
3604
3594
3585
3579
3578
3577
3567
3558
3539
3530
3514
3503
3495
3494
3488
3483
3472
3468
3460
3445
3445
3426
3413
3411
3408
3392
3386
3376
3370
3365
3304
3289
3277
3260
3256
3254
3228
3214
3205
3198
3193
3184
3145
3131
3128
3122
3117
3111
3094
3094
3078
3076
3061
3059
3046
3041
3041
3023
3010
3008
3006
3001
2998
2974
2963
2944
2907
2906
2898
2898
2887
2879
2878
2871
2866
2843
2836
2809
2804
2799
2794
2791
2781
2777
2772
2763
2752
2746
2721
2710
2702
2692
2688
2666
2653
2649
2638
2623
2613
2613
2607
2585
2573
2539
2529
2518
2470
2459
2458
2455
2446
2417
2417
2402
2391
2357
2345
2341
2336
2316
2316
2310
2304
2302
2302
2297
2293
2286
2278
2250
2249
2242
2240
2231
2223
2203
2191
2185
2183
2159
2158
2155
2140
2126
2125
2121
2092
2085
2059
2059
2059
2042
2030
2026
2021
2012
2002
1980
1957
1939
1938
1930
1918
1903
1897
1892
1876
1859
1848
1837
1807
1793
1771
1742
1738
1735
1735
1733
1728
1710
1709
1709
1707
1705
1702
1701
1652
1649
1626
1622
1615
1592
1582
1580
1575
1566
1559
1555
1522
1520
1519
1503
1502
1492
1472
1460
1447
1434
1425
1419
1415
1410
1403
1399
1378
1367
1361
1350
1349
1342
1333
1326
1322
1316
1306
1300
1286
1250
1245
1241
1212
1208
1207
1202
1191
1190
1187
1186
1166
1164
1146
1120
1108
1093
1092
1089
1079
1071
1065
1023
1005
991
988
972
963
953
937
927
920
912
905
900
895
889
862
860
858
850
847
843
841
837
837
826
790
771
771
769
766
762
761
739
720
718
701
692
678
669
664
660
646
631
626
606
602
589
587
580
578
571
570
563
515
513
509
507
503
502
480
463
461
448
422
409
400
391
381
369
364
349
337
330
328
326
322
322
302
296
286
286
283
266
265
264
259
249
243
228
221
216
213
207
201
180
166
165
157
148
147
145
133
110
84
77
72
72
54
50
49
46
38
37
34
29
27
